3002263005
4001202001
4001202003
4001202005
4001202006
4001278820
4001421306
4001452690
4001471055
4001585413
4001639977
4001645475
4001698475
4001698483
4001698489
4001724954
4001763701
4001800340
4001831315
4001848639
4001866270
4001867631
4001887791
4001895934
4001906819
4001922820
4001938604
4001943320
4001943355
4001943455
4001948532
4001963233
4001966832
4001968192
4001970247
4001980147
4001980175
4001982306
4001983181
4001984789
4001994719
4001994724
4001997056
4002003572
4002020776
4002021601
4002025553
4002031188
4002032849
4002038125
4002038159
4002046813
4002047367
4002047369
4002047409
4002052411
4002061738
4002062968
4002066648
4002071291
4002074896
4002075422
4002076051
4002076480
4002077236
4002078107
4002085371
4002086515
4002093131
4002097802
4002101908
4002107664
4002107665
4002108858
4002111620
4002112082
4002112186
4002112450
4002112943
4002117976
4002118946
4002128915
4002128934
4002129884
4002131206
4002131691
4002135348
4002138619
4002139619
4002140404
4002149218
4002149476
4002149625
4002154921
4002154984
4002154985
4002154986
4002157643
4002157648
4002158042
4002159296
4002159441
4002164205
4002166044
4002166417
4002166872
4002166878
4002168182
4002168439
4002168936
4002168951
4002169984
4002170658
4002172836
4002173392
4002174963
4002175773
4002176702
4002176905
4002177179
4002178887
4002180043
4002183251
4002185787
4002185898
4002186670
4002188560
4002191126
4002194395
4002194396
4002194399
4002194539
4002195197
4002195309
4002195812
4002196220
4002196489
4002198363
4002198386
4002199072
4002199311
4002200310
4002202526
4002203170
4002203177
4002203745
4002204016
4002204072
4002204073
4002204074
4002205581
4002208526
4002209224
4002209313
4002209314
4002209315
4002212220
4002213346
4002213666
4002213935
4002214266
4002214287
4002216373
4002216522
4002220078
4002220911
4002220933
4002221135
4002221244
4002222074
4002222189
4002222194
4002222383
4002222572
4002228441
4002229179
4002230162
4002231052
4002231054
4002231060
4002232731
4002232752
4002234394
4002234800
4002235442
4002236200
4002236216
4002236228
4002236233
4002236234
4002237034
4002237036
4002237058
4002237370
4002238048
4002238513
4002238605
4002240174
4002241575
4002242562
4002245829
4002246185
4002246214
4002247339
4002247357
4002248044
4002248067
4002248670
4002250210
4002250338
4002250584
4002251043
4002251244
4002252380
4002252480
4002253068
4002253106
4002253201
4002253437
4002253658
4002253659
4002253684
4002253711
4002253734
4002253758
4002253789
4002254193
4002254821
4002255449
4002255515
4002255547
4002256002
4002256211
4002256212
4002256214
4002256604
4002257694
4002257874
4002258892
4002259554
4002259969
4002260049
4002260890
4002261037
4002261039
4002261041
4002261104
4002261142
4002262461
4002262492
4002262815
4002265831
4002267190
4002267447
4002267799
4002268724
4002269194
4002269469
4002269472
4002270081
4002270360
4002271041
4002271044
4002272291
4002273340
4002273596
4002273748
4002273786
4002274506
4002274507
4002275086
4002275586
4002276266
4002276708
4002276763
4002277974
4002278403
4002280255
4002280649
4002280720
4002282512
4002284132
4002284516
4002284568
4002285123
4002286299
4002286311
4002286684
4002289354
4002289356
4002289399
4002289413
4002289484
4002289523
4002289549
4002289553
4002290717
4002291111
4002291112
4002291653
4002291790
4002291815
4002292560
4002292926
4002293624
4002293672
4002294128
4002294139
4002294165
4002294166
4002294334
4002294467
4002294667
4002295234
4002295330
4002295386
4002295645
4002296065
4002296119
4002297083
4002297576
4002297599
4002298432
4002298433
4002298435
4002299943
4002301661
4002301789
4002301917
4002302087
4002302265
4002302471
4002302509
4002302778
4002303623
4002303935
4002303937
4002304147
4002304834
4002304844
4002304845
4002304974
4002305047
4002305172
4002305434
4002306593
4002306960
4002307153
4002307892
4002307897
4002308209
4002308723
4002309019
4002309476
4002310320
4002310323
4002311313
4002311468
4002311695
4002311739
4002311767
4002311822
4002312182
4002312215
4002312393
4002312527
4002312653
4002312654
4002312655
4002312656
4002312702
4002313007
4002313008
4002313009
4002313243
4002313963
4002314065
4002314101
4002314122
4002314429
4002314439
4002314584
4002314586
4002314587
4002314589
4002314591
4002314592
4002314593
4002314695
4002314742
4002314763
4002314898
4002315380
4002315412
4002316377
4002316416
4002317173
4002317210
4002317211
4002317212
4002317468
4002318601
4002319824
4002319976
4002320131
4002320139
4002320146
4002320150
4002320159
4002320220
4002320818
4002320850
4002321057
4002321124
4002321721
4002321727
4002321838
4002321839
4002321846
4002322081
4002322199
4002322571
4002322960
4002323152
4002323285
4002323395
4002323520
4002323902
4002324161
4002324311
4002324320
4002324334
4002324505
4002324528
4002324576
4002324659
4002324660
4002325072
4002325335
4002325351
4002325362
4002325647
4002325852
4002326033
4002326139
4002326367
4002326452
4002326454
4002326684
4002327103
4002327170
4002327172
4002327354
4002328111
4002328124
4002328143
4002328144
4002328164
4002328169
4002328245
4002328250
4002328258
4002328307
4002328429
4002328431
4002328440
4002328531
4002328536
4002328539
4002328592
4002328602
4002328603
4002328639
4002328641
4002328745
4002329000
4002329026
4002329236
4002329309
4002329343
4002329366
4002329617
4002329697
4002329841
4002329843
4002330058
4002330180
4002330226
4002330402
4002330458
4002330522
4002330554
4002330664
4002330797
4002331308
4002331349
4002331359
4002331380
4002331578
4002331596
4002331601
4002331633
4002331680
4002331704
4002331740
4002332296
4002332541
4002332542
4002332595
4002332948
4002333015
4002333348
4002333417
4002333602
4002333635
4002333704
4002333822
4002333823
4002333828
4002333887
4002333909
4002333911
4002333946
4002333999
4002334019
4002334166
4002334167
4002334262
4002334668
4002334873
4002334875
4002334882
4002335221
4002335234
4002335248
4002335278
4002335623
4002336334
4002336438
4002336538
4002336673
4002338307
4002338324
4002338674
4002338680
4002338998
4002339034
4002339069
4002339206
4002339356
4002339390
4002339429
4002339703
4002339741
4002339759
4002339761
4002340264
4002340393
4002340929
4002341105
4002341156
4002341244
4002341393
4002341395
4002341826
4002342095
4002342217
4002342402
4002342489
4002342556
4002342558
4002342561
4002342562
4002342574
4002342575
4002342688
4002342705
4002342757
4002342890
4002342982
4002343124
4002343154
4002343309
4002343345
4002343419
4002343495
4002343578
4002343612
4002343613
4002343679
4002344208
4002344288
4002344536
4002344545
4002344546
4002344594
4002344599
4002344653
4002344663
4002344668
4002344716
4002344770
4002344831
4002344940
4002344941
4002344943
4002345384
4002345750
4002345877
4002346039
4002346234
4002346259
4002346263
4002346264
4002346328
4002346399
4002346400
4002346416
4002346537
4002346629
4002346630
4002346648
4002346774
4002346798
4002346801
4002346860
4002347018
4002347328
4002347353
4002347378
4002347397
4002347472
4002347535
4002347561
4002347624
4002347675
4002347676
4002347684
4002347833
4002347839
4002347849
4002347977
4002347980
4002347986
4002347987
4002347995
4002348437
4002348476
4002348758
4002348975
4002349067
4002349186
4002349279
4002349675
4002349763
4002349769
4002349783
4002349888
4002349905
4002350086
4002350139
4002350449
4002350787
4002350947
4002350992
4002351096
4002351102
4002351158
4002351163
4002351164
4002351178
4002351244
4002351325
4002351423
4002351453
4002351547
4002351550
4002351554
4002351731
4002351913
4002351951
4002351952
4002352252
4002352294
4002352295
4002352314
4002352324
4002352644
4002352645
4002352655
4002353014
4002353015
4002353016
4002353017
4002353018
4002353019
4002353020
4002353022
4002353023
4002353067
4002353074
4002353120
4002353176
4002353219
4002353249
4002353250
4002353483
4002353560
4002353660
4002353930
4002353960
4002353989
4002354071
4002354255
4002354256
4002354257
4002354328
4002354407
4002354450
4002355386
4002355573
4002356145
4002356150
4002356177
4002356185
4002357040
4002357046
4002357204
4002357218
4002357219
4002357326
4002357850
4002357980
4002357991
4002357992
4002358204
4002358814
4002358827
4002358886
4002359059
4002359068
4002359664
4002359758
4002359873
4002359969
4002359977
4002360097
4002360114
4002360237
4002360287
4002360295
4002360299
4002360301
4002360521
4002360535
4002360543
4002360862
4002361074
4002361079
4002361153
4002361217
4002361311
4002361322
4002361325
4002361494
4002361495
4002361511
4002361699
4002361747
4002361816
4002362482
4002362530
4002363196
4002363198
4002363248
4002363278
4002363332
4002363408
4002363426
4002363764
4002363773
4002364056
4002364104
4002364117
4002364127
4002364217
4002364259
4002364273
4002364322
4002364569
4002364728
4002364813
4002364880
4002365065
4002365067
4002365145
4002365178
4002365189
4002365221
4002365266
4002365269
4002366069
4002366105
4002366614
4002366615
4002366616
4002366617
4002366667
4002366692
4002366754
4002366765
4002366767
4002366878
4002366884
4002366916
4002366932
4002367014
4002367159
4002367275
4002367287
4002367318
4002367397
4002367462
4002367512
4002367766
4002367770
4002367845
4002367944
4002367997
4002368323
4002368436
4002368523
4002368575
4002368586
4002368587
4002368679
4002368770
4002368814
4002368875
4002369054
4002369078
4002369084
4002369085
4002369118
4002369120
4002369371
4002369411
4002369712
4002369841
4002369875
4002369907
4002369922
4002370137
4002370141
4002370175
4002370430
4002370585
4002370591
4002370624
4002370628
4002370638
4002370791
4002370815
4002370816
4002370927
4002370928
4002371087
4002371132
4002371336
4002371378
4002371392
4002371398
4002371479
4002371482
4002371486
4002371512
4002371562
4002371676
4002372032
4002372316
4002372396
4002372766
4002373021
4002373030
4002373078
4002373088
4002373329
4002373371
4002373380
4002373427
4002373586
4002373629
4002373715
4002373800
4002373890
4002373902
4002373909
4002373972
4002374014
4002374111
4002374221
4002374277
4002374351
4002374356
4002374361
4002374379
4002374433
4002374450
4002374458
4002374459
4002374467
4002374479
4002374489
4002374527
4002374668
4002374859
4002375173
4002375175
4002375179
4002375223
4002375244
4002375268
4002375515
4002375604
4002375667
4002375679
4002375680
4002375681
4002375717
4002375828
4002375830
4002375833
4002375839
4002375841
4002375843
4002375846
4002375854
4002375856
4002375859
4002375862
4002375863
4002375867
4002375870
4002375871
4002375875
4002375895
4002375901
4002375902
4002375908
4002375915
4002375920
4002375948
4002375950
4002375953
4002375963
4002375964
4002375967
4002375968
4002375972
4002375975
4002375997
4002375999
4002376002
4002376010
4002376013
4002376017
4002376028
4002376030
4002376032
4002376035
4002376052
4002376054
4002376057
4002376073
4002376075
4002376078
4002376197
4002376260
4002376413
4002376768
4002376781
4002376782
4002376795
4002376797
4002376810
4002376813
4002376821
4002377199
4002377369
4002377597
4002377775
4002377778
4002377779
4002377931
4002378246
4002378514
4002378718
4002378809
4002379144
4002379585
