106759682
3003140449
4000136328
4000633351
4000636560
4000707994
4000925895
4001128151
4001265565
4001270666
4001353535
4001378852
4001382839
4001391683
4001453106
4001453108
4001453936
4001456478
4001502665
4001502666
4001502713
4001510165
4001524380
4001565937
4001571078
4001575431
4001582382
4001584931
4001584933
4001605448
4001605449
4001642577
4001655340
4001662645
4001668615
4001687224
4001687313
4001693496
4001695011
4001729235
4001741384
4001748590
4001749896
4001771003
4001780211
4001786397
4001786643
4001788191
4001792984
4001800309
4001802974
4001816281
4001825458
4001827524
4001827899
4001836168
4001837158
4001856700
4001860721
4001861976
4001866896
4001872006
4001877442
4001879966
4001886243
4001886257
4001890719
4001890722
4001890726
4001890727
4001890781
4001890794
4001903453
4001909109
4001910869
4001919606
4001926577
4001927152
4001928121
4001933354
4001933378
4001940145
4001941677
4001946162
4001947347
4001949082
4001949677
4001951572
4001956370
4001956373
4001957724
4001959993
4001960259
4001960297
4001962421
4001964148
4001966104
4001975741
4001975757
4001979840
4001980047
4001980221
4001980266
4001981263
4001981304
4001983758
4001984215
4001985152
4001985362
4001988170
4001988172
4001991689
4001991950
4001991964
4001995106
4001995407
4001995973
4001997860
4002001383
4002002010
4002002243
4002005918
4002006156
4002006158
4002007163
4002008894
4002010634
4002010872
4002017872
4002018290
4002018924
4002019643
4002019658
4002021791
4002022126
4002024425
4002024861
4002024977
4002025316
4002025445
4002026392
4002026395
4002026401
4002028440
4002034930
4002042218
4002042660
4002049657
4002049680
4002049698
4002049699
4002051399
4002051994
4002052430
4002062683
4002063845
4002063858
4002069429
4002069677
4002070873
4002070885
4002070925
4002071140
4002071225
4002072255
4002072507
4002074438
4002074893
4002076007
4002076063
4002079117
4002079118
4002079122
4002079138
4002079167
4002085876
4002086538
4002086539
4002086666
4002086713
4002086715
4002086716
4002086792
4002088098
4002088099
4002088805
4002089024
4002089130
4002089167
4002090307
4002091957
4002093253
4002093869
4002095541
4002096452
4002096460
4002096863
4002097801
4002098826
4002099168
4002101384
4002101985
4002108627
4002110033
4002112940
4002113940
4002117230
4002118588
4002118590
4002119235
4002129928
4002131923
4002132037
4002132183
4002133609
4002133794
4002137176
4002137185
4002137334
4002143741
4002143904
4002146760
4002147238
4002147244
4002147245
4002147923
4002148397
4002148430
4002148614
4002148730
4002149394
4002149888
4002150123
4002152917
4002153140
4002153656
4002153919
4002155195
4002155202
4002155305
4002164024
4002164841
4002165481
4002166414
4002168863
4002168985
4002170206
4002170244
4002171886
4002172484
4002173442
4002173606
4002174517
4002176739
4002178577
4002178598
4002178708
4002179167
4002179196
4002179800
4002180401
4002180538
4002184766
4002184960
4002186974
4002187039
4002187098
4002189253
4002189261
4002189417
4002190228
4002191148
4002191150
4002191208
4002191420
4002194665
4002195101
4002195310
4002195380
4002195393
4002195714
4002195803
4002196372
4002197129
4002198945
4002199150
4002200124
4002200315
4002201753
4002201757
4002204055
4002204382
4002204396
4002204424
4002204549
4002206226
4002208751
4002209326
4002209921
4002210042
4002210720
4002211720
4002213194
4002214131
4002215379
4002215409
4002215615
4002216523
4002216688
4002217520
4002218663
4002219152
4002219842
4002220576
4002220677
4002220808
4002220825
4002220877
4002221229
4002221236
4002221237
4002221241
4002221242
4002221245
4002221246
4002221865
4002221866
4002221900
4002222384
4002224137
4002224624
4002225546
4002226614
4002229819
4002230365
4002230874
4002231058
4002231065
4002233236
4002233539
4002233891
4002233941
4002234179
4002234767
4002234808
4002235644
4002235963
4002237196
4002237524
4002237526
4002238050
4002238371
4002238470
4002239783
4002239798
4002240532
4002241865
4002241930
4002241932
4002242552
4002242553
4002242554
4002246571
4002247362
4002247367
4002248368
4002248369
4002249054
4002249055
4002249059
4002249783
4002250591
4002250656
4002250689
4002250925
4002253537
4002253590
4002253798
4002253800
4002253803
4002254008
4002254517
4002254528
4002255489
4002255955
4002256025
4002256679
4002256805
4002257130
4002257514
4002257602
4002257825
4002259063
4002259299
4002259557
4002259832
4002259998
4002260913
4002261278
4002261286
4002261798
4002262233
4002266877
4002267484
4002268839
4002268898
4002271028
4002271070
4002271193
4002271205
4002272011
4002272362
4002273697
4002274177
4002275884
4002275886
4002277133
4002277632
4002277793
4002277967
4002278340
4002278522
4002278916
4002279326
4002279327
4002280243
4002280259
4002280268
4002280305
4002282787
4002282895
4002284577
4002285004
4002285181
4002285290
4002286026
4002286070
4002286072
4002286082
4002286100
4002286124
4002286169
4002287097
4002287107
4002287341
4002287914
4002287951
4002288062
4002288220
4002288224
4002288261
4002288331
4002288379
4002288475
4002288629
4002288938
4002289198
4002289235
4002289299
4002289550
4002289555
4002289591
4002289611
4002289874
4002290012
4002290371
4002290398
4002291277
4002291286
4002291288
4002291535
4002291652
4002292120
4002292129
4002292862
4002292863
4002292865
4002293999
4002294155
4002294455
4002294493
4002294591
4002294902
4002294907
4002294934
4002295334
4002296109
4002296117
4002296622
4002296706
4002296707
4002296708
4002296722
4002296723
4002296724
4002297977
4002298264
4002298274
4002298345
4002298385
4002299750
4002302309
4002302456
4002302496
4002302726
4002302869
4002303292
4002303333
4002303504
4002303506
4002303531
4002303568
4002304566
4002304830
4002305057
4002305810
4002306089
4002306331
4002306363
4002306391
4002306394
4002306746
4002306824
4002307181
4002307348
4002307481
4002307519
4002308179
4002308195
4002309206
4002309240
4002309244
4002309304
4002309924
4002310048
4002310831
4002310837
4002310959
4002311197
4002311256
4002312522
4002312815
4002313017
4002313413
4002313755
4002313936
4002313966
4002313969
4002313970
4002314613
4002314762
4002315177
4002315409
4002315728
4002315846
4002315885
4002316038
4002316287
4002316313
4002316467
4002316468
4002317089
4002317115
4002317116
4002318135
4002319887
4002319959
4002320002
4002320431
4002320442
4002321225
4002321322
4002321848
4002321967
4002321968
4002321969
4002322014
4002322716
4002322720
4002322721
4002322746
4002322765
4002322768
4002322940
4002322974
4002323274
4002323277
4002323281
4002323282
4002323413
4002323617
4002323701
4002323706
4002324302
4002324447
4002325089
4002325340
4002325368
4002325384
4002325851
4002326135
4002326170
4002326359
4002326370
4002326371
4002326375
4002326377
4002326664
4002327015
4002327358
4002328080
4002328234
4002328283
4002328530
4002328587
4002328588
4002328589
4002328827
4002328837
4002329780
4002329987
4002330086
4002330116
4002330195
4002330525
4002330528
4002330546
4002330557
4002330562
4002331044
4002331045
4002331046
4002331047
4002331048
4002331050
4002331324
4002332567
4002332616
4002332617
4002332967
4002333027
4002333342
4002333578
4002333596
4002333630
4002333831
4002333833
4002334208
4002334437
4002334959
4002334960
4002335045
4002335054
4002335227
4002335249
4002335261
4002335265
4002335269
4002336307
4002336343
4002336536
4002336717
4002336814
4002336815
4002336920
4002338599
4002339224
4002339373
4002340010
4002340158
4002340179
4002340206
4002340252
4002340427
4002340524
4002340550
4002340930
4002341208
4002341216
4002341277
4002341287
4002341340
4002341366
4002341496
4002341648
4002341652
4002342145
4002342160
4002342173
4002342195
4002342222
4002342414
4002342481
4002342588
4002342604
4002342750
4002342986
4002343046
4002343126
4002343338
4002343813
4002343821
4002343822
4002343826
4002343955
4002343973
4002344094
4002344169
4002344259
4002344264
4002344555
4002344586
4002344597
4002344606
4002344652
4002344665
4002344667
4002344739
4002345445
4002346491
4002346607
4002347464
4002347470
4002347476
4002347479
4002347612
4002347638
4002347644
4002347660
4002347950
4002348434
4002348466
4002348472
4002348473
4002348474
4002348515
4002349000
4002349452
4002349527
4002349810
4002349875
4002349938
4002350189
4002350244
4002350353
4002350390
4002350958
4002350969
4002351080
4002351119
4002351210
4002351350
4002351384
4002351910
4002351912
4002351917
4002351950
4002351957
4002351980
4002352248
4002352260
4002352504
4002352513
4002353093
4002353110
4002353222
4002353476
4002353591
4002353765
4002354027
4002354373
4002354460
4002354498
4002355332
4002356189
4002356855
4002356903
4002358081
4002359055
4002359513
4002360067
4002360181
4002360257
4002360264
4002360488
4002360493
4002360500
4002360517
4002360548
4002360584
4002360587
4002360594
4002360652
4002360679
4002360787
4002361046
4002361471
4002361493
4002361497
4002361501
4002361535
4002361537
4002361544
4002361545
4002361550
4002362176
4002362302
4002362520
4002363140
4002363282
4002363287
4002363296
4002363299
4002363513
4002363515
4002363543
4002363721
4002363847
4002363848
4002363938
4002363949
4002363950
4002363996
4002364035
4002364050
4002364116
4002364341
4002364454
4002364474
4002364475
4002364617
4002364674
4002364773
4002364872
4002365020
4002365242
4002365244
4002365267
4002365806
4002365808
4002365809
4002366061
4002366097
4002366099
4002366100
4002366104
4002366125
4002366891
4002367082
4002367126
4002367224
4002367226
4002367331
4002367363
4002367472
4002367500
4002367784
4002367977
4002367983
4002368033
4002368034
4002368035
4002368051
4002368133
4002368140
4002368391
4002368392
4002368500
4002368585
4002368680
4002368898
4002369397
4002369403
4002369404
4002369405
4002369414
4002369416
4002369694
4002369787
4002369788
4002369790
4002369791
4002369792
4002369794
4002369795
4002369796
4002369797
4002369798
4002369799
4002369800
4002369801
4002370138
4002370171
4002370172
4002370632
4002370633
4002370781
4002370802
4002370946
4002371095
4002371106
4002371237
4002371258
4002371395
4002371433
4002371462
4002371539
4002371590
4002371615
4002371659
4002371666
4002371673
4002371692
4002371693
4002371747
4002371850
4002371921
4002372015
4002372024
4002372033
4002372042
4002372178
4002372328
4002372334
4002372403
4002372408
4002372420
4002372424
4002373069
4002373101
4002373189
4002373354
4002373357
4002373360
4002373365
4002373369
4002373389
4002373400
4002373401
4002373439
4002373484
4002373648
4002373782
4002373893
4002374175
4002374193
4002374197
4002374198
4002374285
4002374287
4002374346
4002374369
4002374473
4002374742
4002374752
4002374870
4002375566
4002375612
4002375613
4002375632
4002375637
4002375645
4002375651
4002375666
4002375772
4002376063
4002376064
4002376067
4002376068
4002376069
4002376071
4002376198
4002376199
4002376210
4002376221
4002376226
4002376265
4002376266
4002376384
4002376759
4002376760
4002376773
4002376787
4002376808
4002377173
4002377318
4002377435
4002378583
4002378606
4002379065
4002379165
4002379616
