3003379456
3003556067
4000202136
4000471599
4000518683
4000563656
4000644740
4000669496
4001011635
4001084780
4001117122
4001131860
4001133352
4001190324
4001238938
4001247258
4001307826
4001441525
4001449869
4001473981
4001486201
4001489063
4001510353
4001546919
4001636325
4001668507
4001668702
4001669506
4001670012
4001682347
4001682351
4001685243
4001701297
4001712304
4001734334
4001741077
4001746001
4001746789
4001747479
4001757259
4001764408
4001766658
4001767928
4001772793
4001783599
4001787411
4001788466
4001817445
4001818257
4001818326
4001819931
4001820892
4001821965
4001821972
4001826838
4001836950
4001837650
4001846424
4001849068
4001851948
4001864088
4001865623
4001867798
4001868862
4001872763
4001872764
4001872765
4001872766
4001877479
4001880671
4001882273
4001883242
4001887999
4001888167
4001888168
4001888412
4001890731
4001890759
4001890773
4001890791
4001890800
4001890814
4001901501
4001906070
4001907517
4001907664
4001908346
4001910368
4001917545
4001917552
4001918958
4001919848
4001921105
4001921232
4001921522
4001922711
4001924003
4001924363
4001926891
4001931760
4001933237
4001933370
4001933371
4001938053
4001941975
4001943560
4001943879
4001945406
4001950340
4001950827
4001950913
4001952906
4001957758
4001959769
4001962996
4001965025
4001966048
4001966573
4001974775
4001974777
4001974781
4001975876
4001980418
4001981841
4001982962
4001983081
4001987243
4001988679
4001990165
4001990724
4001991954
4001999811
4002002483
4002007250
4002008267
4002009500
4002010211
4002016133
4002017828
4002017890
4002021548
4002021554
4002024359
4002025712
4002026434
4002026756
4002030593
4002030748
4002031143
4002032094
4002032831
4002039195
4002044258
4002044331
4002045103
4002046004
4002046424
4002049037
4002049663
4002050661
4002053078
4002055093
4002059721
4002061420
4002061713
4002062751
4002062962
4002062963
4002064680
4002068643
4002068674
4002068678
4002068684
4002069796
4002074519
4002076338
4002076504
4002077474
4002077687
4002077988
4002077998
4002079171
4002080401
4002080483
4002080751
4002085034
4002085227
4002085868
4002086073
4002086252
4002086316
4002086413
4002086586
4002086617
4002088095
4002088588
4002088613
4002089056
4002089732
4002090366
4002093355
4002093844
4002094579
4002095165
4002095173
4002095191
4002096438
4002096527
4002097045
4002097046
4002098071
4002102462
4002102797
4002105412
4002106491
4002106492
4002106928
4002107053
4002108015
4002112037
4002112300
4002114764
4002115000
4002115518
4002116256
4002116653
4002116735
4002117251
4002118217
4002118424
4002128450
4002131556
4002134026
4002134944
4002137182
4002138143
4002138811
4002139457
4002146257
4002146835
4002148313
4002149022
4002150107
4002151969
4002152210
4002152248
4002152526
4002152528
4002152540
4002154390
4002155256
4002159819
4002160689
4002160959
4002164227
4002164624
4002164925
4002165074
4002165106
4002166649
4002169133
4002169307
4002169425
4002170099
4002171494
4002171495
4002171496
4002172388
4002173333
4002173443
4002173448
4002173450
4002173632
4002174518
4002174551
4002175692
4002175958
4002176519
4002177932
4002177970
4002178232
4002179188
4002179191
4002182499
4002182558
4002182560
4002184946
4002186984
4002186987
4002187006
4002187009
4002187423
4002187662
4002189252
4002189273
4002189279
4002189280
4002189293
4002190121
4002190123
4002190272
4002190903
4002192271
4002192272
4002192314
4002194317
4002194467
4002194906
4002195381
4002195817
4002195836
4002197944
4002198331
4002198774
4002199210
4002200092
4002200631
4002200903
4002201085
4002201763
4002201778
4002202080
4002202754
4002202968
4002203445
4002204076
4002204079
4002204425
4002204814
4002205575
4002205580
4002208527
4002208809
4002209203
4002209204
4002209206
4002209207
4002209209
4002210002
4002211648
4002211686
4002211689
4002213267
4002213312
4002213474
4002213884
4002214110
4002214148
4002214276
4002215342
4002215386
4002215408
4002215756
4002216986
4002217089
4002217336
4002217632
4002218639
4002219142
4002219271
4002219549
4002219555
4002220833
4002220835
4002221233
4002221857
4002221859
4002222230
4002222235
4002222246
4002222256
4002222277
4002222487
4002223414
4002224495
4002225550
4002229325
4002229665
4002230715
4002230716
4002230772
4002232304
4002232455
4002232565
4002232642
4002232652
4002232874
4002233615
4002234799
4002235116
4002235187
4002235552
4002235731
4002235997
4002236864
4002237063
4002237197
4002237521
4002237528
4002239851
4002239854
4002240579
4002241926
4002243258
4002244595
4002245054
4002245855
4002246089
4002246358
4002246928
4002247433
4002247526
4002250047
4002250904
4002251629
4002251748
4002251938
4002251953
4002252001
4002252337
4002252384
4002252390
4002252647
4002253099
4002253520
4002254544
4002255509
4002255540
4002255886
4002256343
4002257458
4002257771
4002257792
4002257869
4002257872
4002257875
4002258763
4002258804
4002259807
4002259835
4002259836
4002260003
4002260452
4002261274
4002261290
4002261473
4002262488
4002267049
4002267659
4002268055
4002268074
4002268079
4002268279
4002268291
4002268316
4002268794
4002268854
4002268870
4002268981
4002270049
4002270084
4002270242
4002270255
4002270257
4002270481
4002270650
4002270734
4002270738
4002271049
4002271141
4002271922
4002272236
4002272572
4002273301
4002273303
4002273305
4002273306
4002273649
4002274337
4002274392
4002275091
4002275842
4002276383
4002276770
4002276787
4002277121
4002278319
4002278341
4002278393
4002278404
4002279100
4002279309
4002279355
4002280288
4002285091
4002285102
4002285323
4002285643
4002285857
4002286031
4002286048
4002286099
4002286131
4002286403
4002287085
4002287095
4002287100
4002287104
4002287105
4002287132
4002287326
4002287552
4002288329
4002288334
4002288978
4002289763
4002289850
4002290370
4002290400
4002290664
4002291086
4002291355
4002291536
4002292639
4002293861
4002293901
4002293903
4002294586
4002294588
4002294590
4002294594
4002294742
4002294829
4002295428
4002295532
4002296071
4002296074
4002296098
4002296112
4002296113
4002296114
4002296115
4002296456
4002296457
4002297205
4002297207
4002297220
4002297352
4002297459
4002297658
4002297931
4002298036
4002298038
4002298324
4002298342
4002300146
4002301669
4002301689
4002301911
4002301939
4002301940
4002302071
4002302376
4002303485
4002303642
4002303659
4002304161
4002304596
4002304650
4002304977
4002304978
4002305636
4002305959
4002305967
4002307044
4002307051
4002307054
4002307931
4002308076
4002308940
4002309472
4002309479
4002309911
4002309923
4002310035
4002310462
4002310468
4002310479
4002310800
4002310839
4002310846
4002311300
4002311886
4002311985
4002312537
4002312680
4002312694
4002312804
4002312886
4002312896
4002313137
4002313434
4002313467
4002313723
4002313753
4002313965
4002313967
4002313968
4002314318
4002314616
4002314617
4002314791
4002314997
4002315698
4002316036
4002316069
4002316107
4002316112
4002316355
4002316697
4002316700
4002316703
4002317062
4002317248
4002318024
4002318225
4002318656
4002319008
4002319931
4002320013
4002320027
4002320097
4002320119
4002320175
4002320265
4002320267
4002320270
4002320272
4002320596
4002321114
4002321432
4002321449
4002321551
4002321552
4002321569
4002322185
4002322189
4002322718
4002322740
4002322750
4002322766
4002322791
4002322792
4002322794
4002323566
4002323621
4002323626
4002323742
4002323756
4002323978
4002324049
4002324194
4002324196
4002325242
4002325256
4002325369
4002325372
4002325651
4002325844
4002326355
4002326356
4002326361
4002326364
4002326365
4002326368
4002326369
4002326376
4002326444
4002326695
4002326985
4002327007
4002327129
4002327298
4002327353
4002327364
4002327697
4002328207
4002328254
4002328272
4002328545
4002328607
4002328636
4002329006
4002329008
4002329034
4002329348
4002330208
4002330265
4002330494
4002330523
4002330539
4002330541
4002330545
4002330556
4002330666
4002330667
4002330710
4002330807
4002330826
4002330967
4002331319
4002331543
4002331664
4002332196
4002332239
4002332273
4002332561
4002332564
4002332610
4002332612
4002332613
4002332614
4002332618
4002332844
4002332933
4002332956
4002333078
4002333254
4002333483
4002333580
4002333832
4002334042
4002335400
4002335401
4002335403
4002336287
4002336288
4002336542
4002338669
4002338934
4002338935
4002339310
4002339337
4002339874
4002340021
4002340609
4002340818
4002340827
4002341220
4002341227
4002341284
4002342167
4002342193
4002342224
4002342225
4002342365
4002342377
4002342477
4002342483
4002342551
4002342835
4002342840
4002343134
4002343408
4002343488
4002343491
4002343493
4002343496
4002343633
4002343692
4002344537
4002344965
4002345010
4002345174
4002345176
4002345202
4002345275
4002345446
4002345456
4002345461
4002345683
4002345778
4002345953
4002346146
4002346169
4002346270
4002346394
4002346620
4002346626
4002347011
4002347245
4002347299
4002347468
4002347469
4002347681
4002347682
4002347786
4002347865
4002347874
4002348149
4002348164
4002348508
4002348510
4002348511
4002348759
4002348772
4002348921
4002348988
4002349017
4002349244
4002349815
4002349842
4002349849
4002349889
4002349890
4002349891
4002349892
4002350466
4002350865
4002351166
4002351358
4002351732
4002351954
4002351974
4002352031
4002352457
4002352974
4002353035
4002353169
4002353221
4002353388
4002353390
4002354025
4002354285
4002354331
4002354409
4002355383
4002355384
4002355419
4002355796
4002355806
4002356151
4002356178
4002356179
4002356188
4002356191
4002358017
4002358196
4002358726
4002359046
4002359894
4002359911
4002360098
4002360151
4002360164
4002360734
4002360776
4002360788
4002361065
4002361156
4002361238
4002361248
4002361255
4002361384
4002361447
4002361470
4002361508
4002361700
4002361701
4002362117
4002362131
4002362517
4002363206
4002363291
4002363293
4002363345
4002363446
4002363606
4002364795
4002365059
4002365199
4002365243
4002366101
4002366121
4002367005
4002367161
4002367235
4002367330
4002367332
4002367425
4002367426
4002367428
4002367429
4002367431
4002367461
4002367538
4002367925
4002367967
4002368364
4002368480
4002368481
4002368503
4002368508
4002368509
4002368511
4002368541
4002368564
4002368592
4002368613
4002368813
4002368899
4002368900
4002369299
4002369394
4002369399
4002369400
4002369402
4002369415
4002369738
4002370116
4002370365
4002370429
4002370523
4002370569
4002370612
4002370613
4002370635
4002370636
4002370918
4002370919
4002370921
4002370926
4002370929
4002370953
4002371093
4002371100
4002371135
4002371252
4002371273
4002371354
4002371415
4002371475
4002371683
4002371685
4002372046
4002372107
4002373062
4002373063
4002373064
4002373066
4002373187
4002373393
4002373549
4002373550
4002373551
4002373602
4002373875
4002373901
4002374222
4002374345
4002374350
4002374353
4002374354
4002374404
4002374451
4002374465
4002374481
4002374543
4002374579
4002375246
4002375556
4002375990
4002376041
4002376042
4002376045
4002376047
4002376159
4002376217
4002376223
4002376247
4002376261
4002376392
4002376406
4002376654
4002376736
4002376769
4002376770
4002376772
4002376809
4002376987
4002377074
4002377951
4002377955
4002378111
4002378428
4002378431
4002378551
4002378954
4002379067
4002379188
