4000824200
4001313085
4001365163
4001403890
4001425840
4001495431
4001635498
4001655412
4001668329
4001668438
4001668473
4001668931
4001669383
4001669420
4001683433
4001685991
4001691514
4001699835
4001708731
4001726560
4001731221
4001748867
4001749871
4001764632
4001767434
4001778561
4001788625
4001809021
4001809267
4001828964
4001853355
4001874968
4001878408
4001891289
4001897509
4001899317
4001901241
4001902060
4001905028
4001917553
4001919724
4001923530
4001924456
4001950144
4001957145
4001958834
4001959476
4001959810
4001962331
4001968194
4001970033
4001975555
4001976090
4001979606
4001980491
4001983065
4001983261
4001985044
4001985074
4001986351
4001987280
4001995630
4001997044
4002004941
4002004954
4002004955
4002005132
4002006363
4002008503
4002008883
4002009254
4002020794
4002022125
4002022134
4002023064
4002025414
4002025489
4002027413
4002028682
4002029592
4002031482
4002031801
4002033471
4002038494
4002039879
4002039880
4002042524
4002043843
4002045424
4002047947
4002050163
4002051194
4002052350
4002055699
4002056564
4002057244
4002062017
4002062690
4002066596
4002069518
4002071237
4002071248
4002072518
4002073538
4002076759
4002079060
4002079077
4002079079
4002079080
4002084870
4002085529
4002086320
4002086531
4002086534
4002088695
4002089026
4002093423
4002093561
4002094138
4002096476
4002096641
4002100979
4002101549
4002102782
4002106215
4002106445
4002107012
4002112285
4002112308
4002113571
4002114701
4002116370
4002117928
4002118569
4002119066
4002119975
4002126391
4002126564
4002129721
4002131705
4002133362
4002133603
4002133843
4002133846
4002134996
4002135504
4002135619
4002136823
4002136852
4002136953
4002137140
4002141004
4002141945
4002144191
4002144963
4002149206
4002149743
4002152204
4002152565
4002153386
4002154991
4002155039
4002155970
4002156077
4002157749
4002158197
4002158199
4002159780
4002163238
4002164721
4002164876
4002165047
4002166845
4002169050
4002170215
4002170288
4002170693
4002171845
4002171904
4002172246
4002172531
4002172875
4002173847
4002174985
4002175414
4002175814
4002176400
4002176698
4002176734
4002176784
4002177935
4002178763
4002179233
4002181919
4002182196
4002183873
4002184917
4002186221
4002186712
4002187002
4002187023
4002187457
4002187458
4002188571
4002189262
4002189265
4002189841
4002189864
4002189865
4002189869
4002189878
4002189892
4002191090
4002191116
4002191119
4002191128
4002192318
4002194781
4002195183
4002196431
4002196522
4002198322
4002199492
4002200208
4002201765
4002204772
4002205540
4002205541
4002206574
4002207838
4002209235
4002209316
4002209833
4002209892
4002209941
4002210445
4002212015
4002212993
4002213168
4002213832
4002214423
4002214599
4002214600
4002214625
4002214628
4002214633
4002214644
4002214649
4002214656
4002214657
4002216555
4002216783
4002218033
4002218081
4002218649
4002218666
4002218667
4002218668
4002218670
4002219342
4002219369
4002224187
4002224391
4002228578
4002228610
4002228902
4002229131
4002229277
4002229599
4002230466
4002230551
4002230627
4002230695
4002230883
4002231552
4002231943
4002232059
4002232427
4002233016
4002233183
4002233731
4002233828
4002234399
4002234401
4002234405
4002235519
4002235547
4002235839
4002236129
4002236197
4002236407
4002236832
4002236845
4002237340
4002237532
4002237540
4002238086
4002238087
4002238088
4002238090
4002238443
4002238444
4002238460
4002238633
4002238742
4002239058
4002240560
4002242077
4002244091
4002244167
4002244286
4002244450
4002244507
4002245002
4002245328
4002245474
4002245508
4002247347
4002247706
4002248586
4002249115
4002250138
4002250563
4002250804
4002250842
4002251035
4002251947
4002252342
4002252349
4002252533
4002252535
4002252742
4002252774
4002252857
4002252866
4002252936
4002253063
4002253064
4002253139
4002253142
4002253607
4002253804
4002254515
4002254538
4002254818
4002254889
4002254890
4002254891
4002254898
4002255485
4002255486
4002255784
4002256075
4002256392
4002256550
4002258219
4002258227
4002259393
4002259428
4002259814
4002260342
4002260439
4002261096
4002261337
4002264223
4002264628
4002264860
4002265352
4002267022
4002267317
4002267519
4002267772
4002267823
4002268219
4002268766
4002268807
4002268809
4002269102
4002269772
4002270653
4002270674
4002271073
4002271197
4002271268
4002272005
4002272644
4002272881
4002274477
4002274756
4002274775
4002275152
4002275533
4002275579
4002276295
4002277135
4002277719
4002277886
4002278016
4002278402
4002279033
4002279088
4002279141
4002280396
4002280936
4002282571
4002283495
4002283496
4002284142
4002284348
4002284372
4002284691
4002284824
4002285236
4002285496
4002287390
4002287649
4002288299
4002288817
4002288999
4002289116
4002289178
4002290003
4002290343
4002290388
4002290757
4002290776
4002290782
4002290845
4002290852
4002291175
4002291515
4002291539
4002291732
4002291848
4002292291
4002292293
4002292294
4002292295
4002292296
4002292297
4002292411
4002292445
4002292656
4002292657
4002292704
4002292714
4002293053
4002293669
4002294384
4002295127
4002295158
4002295196
4002295261
4002295378
4002295510
4002295819
4002296125
4002296375
4002296413
4002296455
4002296857
4002297441
4002297841
4002297868
4002298299
4002298713
4002299385
4002300054
4002300618
4002301645
4002301674
4002301941
4002301942
4002302317
4002302319
4002302320
4002302330
4002303239
4002303822
4002303891
4002303892
4002304210
4002304564
4002304976
4002304991
4002305072
4002305186
4002305450
4002305771
4002305781
4002305783
4002305791
4002305794
4002305796
4002305815
4002305936
4002306635
4002306965
4002306968
4002306971
4002306972
4002306975
4002306981
4002307323
4002307329
4002308091
4002308168
4002308273
4002308571
4002308572
4002308610
4002308705
4002308925
4002309877
4002310290
4002310318
4002310324
4002310855
4002311339
4002311356
4002311735
4002311888
4002312031
4002312178
4002312714
4002312723
4002312724
4002312735
4002312835
4002312837
4002313384
4002314037
4002314078
4002314216
4002314775
4002315046
4002315104
4002315817
4002317041
4002317059
4002317556
4002319206
4002319226
4002319229
4002319916
4002319917
4002320172
4002320616
4002320717
4002320977
4002321373
4002321388
4002321437
4002321540
4002321637
4002321835
4002321887
4002321899
4002321944
4002322776
4002322814
4002323123
4002323514
4002323709
4002324045
4002324240
4002324248
4002324250
4002324254
4002324256
4002324588
4002324786
4002324787
4002324822
4002325091
4002325271
4002325761
4002325778
4002325829
4002325858
4002325874
4002325878
4002326056
4002326235
4002326345
4002326408
4002326460
4002327271
4002327276
4002327317
4002327331
4002327361
4002327365
4002327391
4002328105
4002328347
4002328348
4002328350
4002328442
4002328449
4002328450
4002328501
4002328535
4002328546
4002328547
4002328550
4002329091
4002329092
4002329310
4002329547
4002330016
4002330085
4002330199
4002330252
4002330412
4002330454
4002330455
4002330456
4002330645
4002330695
4002330795
4002330824
4002331132
4002331459
4002331465
4002332105
4002332157
4002332193
4002332337
4002333007
4002333030
4002333067
4002333076
4002333147
4002333148
4002333155
4002333156
4002333157
4002333158
4002333164
4002333166
4002333167
4002333169
4002333193
4002333234
4002333241
4002333512
4002333625
4002333755
4002333808
4002333860
4002334036
4002334263
4002334282
4002334664
4002335014
4002335226
4002335238
4002335415
4002335620
4002336261
4002336262
4002336293
4002336294
4002336540
4002337202
4002337851
4002337933
4002338057
4002338245
4002338263
4002338569
4002339098
4002339169
4002339405
4002339567
4002339762
4002339837
4002340121
4002340183
4002340828
4002340948
4002341145
4002341271
4002341279
4002341305
4002341338
4002341549
4002341754
4002341790
4002342411
4002342439
4002342442
4002342486
4002342487
4002342517
4002342550
4002342596
4002342803
4002342983
4002343023
4002343142
4002343264
4002343274
4002343276
4002343519
4002343530
4002343538
4002343569
4002343572
4002343579
4002343592
4002343607
4002343635
4002343772
4002344210
4002344333
4002344579
4002344580
4002344589
4002344605
4002344672
4002345382
4002345746
4002345747
4002345799
4002345835
4002345874
4002345880
4002345976
4002346054
4002346397
4002346398
4002346473
4002346474
4002346612
4002346631
4002346632
4002346633
4002346636
4002346716
4002346809
4002347286
4002347324
4002347569
4002347622
4002347678
4002347953
4002347982
4002347993
4002348152
4002348493
4002348497
4002348824
4002348825
4002348885
4002348920
4002348960
4002348969
4002349075
4002349381
4002349536
4002349629
4002349661
4002349663
4002349694
4002349781
4002349923
4002349941
4002349969
4002349970
4002349975
4002350027
4002350058
4002350149
4002350180
4002350446
4002351041
4002351193
4002351226
4002351234
4002351316
4002351563
4002351644
4002351673
4002351744
4002351758
4002352219
4002352245
4002352267
4002352274
4002352299
4002352304
4002352315
4002352371
4002352756
4002353105
4002353106
4002353107
4002353231
4002353311
4002353481
4002353522
4002353682
4002353686
4002354046
4002354243
4002354384
4002354388
4002354431
4002354505
4002355343
4002355344
4002355394
4002355426
4002355804
4002356438
4002356671
4002356799
4002357038
4002357107
4002357108
4002357169
4002357240
4002357851
4002357889
4002357997
4002358258
4002358781
4002358930
4002359191
4002359542
4002359803
4002359976
4002359995
4002360034
4002360055
4002360112
4002360244
4002360530
4002360603
4002361052
4002361174
4002361374
4002361380
4002361465
4002361502
4002361503
4002361506
4002361542
4002361547
4002361556
4002361677
4002361732
4002361908
4002362543
4002363139
4002363194
4002363202
4002363320
4002363328
4002363368
4002363568
4002363850
4002363910
4002363911
4002363927
4002364094
4002364096
4002364108
4002364276
4002364443
4002364749
4002364826
4002364827
4002364870
4002364985
4002365034
4002365057
4002365064
4002365165
4002365196
4002365222
4002365597
4002366645
4002366727
4002366761
4002366776
4002366782
4002366890
4002366912
4002367056
4002367100
4002367101
4002367131
4002367427
4002367443
4002367498
4002367522
4002367816
4002367819
4002367937
4002368006
4002368013
4002368106
4002368111
4002368132
4002368316
4002368458
4002368656
4002368682
4002368692
4002368732
4002368896
4002368935
4002369068
4002369360
4002369823
4002369839
4002369852
4002369867
4002369882
4002370117
4002370423
4002370524
4002370553
4002370557
4002370558
4002370621
4002370626
4002370783
4002370937
4002371149
4002371256
4002371262
4002371277
4002371370
4002371474
4002371589
4002371993
4002372039
4002372146
4002372213
4002372342
4002372666
4002373100
4002373394
4002373421
4002373465
4002373486
4002373618
4002373680
4002373710
4002373712
4002373807
4002373906
4002373924
4002374114
4002374118
4002374139
4002374367
4002374514
4002374530
4002374616
4002374620
4002374623
4002374866
4002375127
4002375209
4002375249
4002375527
4002375544
4002375640
4002375641
4002375642
4002375647
4002375692
4002375699
4002375708
4002375714
4002376120
4002376121
4002376800
4002377621
4002377720
4002377887
4002378270
4002378476
4002378481
4002378504
4002379020
4002379097
4002379269
4002379550
4002379551
4002379573
4002379595
4002379601
4002379645
4002379649
