3001211665
3003135248
4000824386
4000931784
4000931785
4001044669
4001234004
4001234020
4001259981
4001259999
4001302095
4001567321
4001598413
4001636615
4001654521
4001687359
4001687832
4001725526
4001737073
4001764689
4001764702
4001766066
4001782437
4001810190
4001811573
4001811913
4001820413
4001841033
4001850229
4001857633
4001862987
4001864949
4001866998
4001867001
4001867009
4001870799
4001875742
4001878314
4001878649
4001886156
4001906724
4001906726
4001916465
4001930500
4001933576
4001933603
4001933619
4001933657
4001933660
4001962043
4001974855
4001975184
4001984015
4001984223
4001986670
4001986699
4001987309
4001987310
4001987312
4001990874
4001991683
4001996758
4001998516
4002000602
4002003138
4002005381
4002008332
4002017607
4002018291
4002028352
4002030021
4002031575
4002031576
4002032386
4002032752
4002039160
4002039926
4002043920
4002047051
4002047529
4002052403
4002053532
4002053712
4002065517
4002066536
4002073959
4002078036
4002079134
4002079135
4002084372
4002086288
4002086426
4002086761
4002090467
4002096504
4002097102
4002097469
4002097747
4002097763
4002098092
4002098846
4002100263
4002107048
4002107906
4002111810
4002112271
4002116848
4002117287
4002117631
4002119239
4002119434
4002119435
4002119436
4002119437
4002129665
4002130017
4002131828
4002134101
4002134102
4002134103
4002135043
4002135651
4002136640
4002136643
4002136720
4002138509
4002138999
4002141200
4002141204
4002141404
4002146822
4002148792
4002149493
4002149499
4002150486
4002151798
4002152663
4002153520
4002153728
4002154561
4002154563
4002155376
4002155707
4002155717
4002155739
4002155910
4002156027
4002159899
4002164378
4002165095
4002165380
4002166660
4002168399
4002169033
4002170013
4002171755
4002172004
4002177057
4002180547
4002180969
4002181084
4002182289
4002185804
4002186988
4002187053
4002187310
4002189383
4002189810
4002189880
4002189968
4002189993
4002191159
4002193817
4002194302
4002196039
4002196040
4002196344
4002196934
4002198002
4002198286
4002198751
4002198753
4002199054
4002199060
4002199107
4002199464
4002199617
4002199920
4002200100
4002201786
4002201788
4002201804
4002202813
4002203114
4002203131
4002203132
4002204330
4002210514
4002213000
4002213112
4002214290
4002214529
4002214862
4002217646
4002217968
4002218970
4002219886
4002220397
4002220459
4002220915
4002221067
4002221161
4002221162
4002221220
4002222521
4002223246
4002224007
4002228874
4002229761
4002229780
4002229786
4002229792
4002230305
4002230484
4002230704
4002231622
4002233318
4002233328
4002233432
4002233740
4002233888
4002235268
4002236485
4002236577
4002236771
4002237261
4002237310
4002237316
4002241480
4002241952
4002242809
4002245374
4002246793
4002247728
4002247767
4002247864
4002250377
4002250433
4002250454
4002252321
4002252611
4002252811
4002253103
4002253646
4002253888
4002253959
4002254477
4002254478
4002254480
4002254485
4002254490
4002254491
4002254753
4002254754
4002254864
4002255864
4002255961
4002255963
4002256244
4002256398
4002256505
4002256572
4002257093
4002257237
4002257287
4002257295
4002257654
4002257656
4002258375
4002258917
4002259158
4002259255
4002259332
4002259758
4002260134
4002260743
4002261723
4002261724
4002261727
4002262468
4002262483
4002263189
4002265054
4002265098
4002265110
4002267068
4002268123
4002268562
4002268564
4002268567
4002268589
4002268944
4002269412
4002270028
4002270298
4002271688
4002271690
4002271734
4002271757
4002271840
4002271850
4002271914
4002273705
4002273716
4002275387
4002275468
4002275905
4002276093
4002276265
4002276552
4002277070
4002277182
4002277398
4002278118
4002278122
4002278547
4002278636
4002278938
4002279091
4002279497
4002280640
4002280793
4002280996
4002281011
4002281027
4002281210
4002282716
4002283265
4002284334
4002284400
4002284401
4002284402
4002284747
4002285187
4002285479
4002285551
4002285872
4002285873
4002285874
4002285875
4002285876
4002286223
4002286397
4002286983
4002287172
4002287425
4002288353
4002288354
4002288355
4002288356
4002288719
4002289077
4002289128
4002289148
4002289329
4002289508
4002289539
4002289856
4002290597
4002290875
4002291469
4002292184
4002292202
4002292313
4002292325
4002292671
4002292886
4002292894
4002292898
4002292974
4002293014
4002293182
4002293484
4002293661
4002294280
4002294311
4002294329
4002294821
4002295016
4002296361
4002296362
4002296363
4002296453
4002298768
4002299198
4002299825
4002299845
4002300050
4002300910
4002300912
4002301705
4002301897
4002301898
4002301899
4002301900
4002302974
4002302983
4002303067
4002303581
4002303582
4002303636
4002303902
4002304188
4002304192
4002304254
4002304456
4002304705
4002305248
4002305413
4002305970
4002306091
4002306092
4002306317
4002306483
4002306558
4002306584
4002306871
4002306969
4002307036
4002307089
4002307283
4002307344
4002308304
4002308310
4002308831
4002308934
4002309312
4002309317
4002309320
4002309425
4002310062
4002310186
4002310187
4002310243
4002310244
4002310245
4002310424
4002310425
4002311072
4002311074
4002311404
4002311596
4002312064
4002312103
4002312209
4002312262
4002312328
4002312444
4002312452
4002312502
4002312899
4002313024
4002313025
4002313034
4002313228
4002313316
4002313403
4002313745
4002314061
4002314172
4002314893
4002314894
4002314942
4002315458
4002315479
4002315521
4002316469
4002316514
4002316661
4002317783
4002317792
4002317847
4002318316
4002318559
4002319107
4002319879
4002319895
4002320167
4002320702
4002320972
4002321154
4002321228
4002321531
4002321532
4002321707
4002321766
4002322583
4002322618
4002322619
4002323410
4002323605
4002324684
4002325101
4002325118
4002325712
4002325903
4002325946
4002325948
4002326192
4002326205
4002326440
4002326650
4002326687
4002326765
4002326768
4002326958
4002326967
4002326975
4002327239
4002327240
4002327322
4002327392
4002327498
4002327501
4002327505
4002327788
4002327867
4002327939
4002328312
4002328332
4002328741
4002328743
4002328835
4002329349
4002329350
4002329360
4002329612
4002329721
4002330236
4002330254
4002330681
4002330682
4002330683
4002330721
4002330917
4002331032
4002331034
4002331177
4002331190
4002331227
4002331267
4002331270
4002331330
4002331538
4002331752
4002331885
4002331886
4002331925
4002331982
4002332151
4002332199
4002332451
4002332586
4002333095
4002333687
4002333839
4002334176
4002334585
4002334588
4002334592
4002334654
4002335198
4002335230
4002335244
4002335282
4002335283
4002335284
4002335573
4002335578
4002336202
4002336612
4002336978
4002337015
4002338061
4002338175
4002338236
4002338329
4002338376
4002338635
4002338999
4002339024
4002339557
4002340050
4002340117
4002340476
4002340518
4002340590
4002340742
4002340748
4002340749
4002341056
4002341222
4002341493
4002341679
4002341680
4002341865
4002342366
4002342994
4002343101
4002343119
4002343279
4002343418
4002343636
4002344101
4002344109
4002344131
4002344277
4002344625
4002344626
4002344841
4002344842
4002344843
4002344844
4002345103
4002345260
4002345358
4002345839
4002346081
4002346420
4002346442
4002346748
4002346749
4002347112
4002347117
4002347132
4002347154
4002347162
4002347175
4002347186
4002347235
4002347522
4002347576
4002347866
4002347870
4002347964
4002347998
4002348400
4002348401
4002348520
4002348525
4002348527
4002348528
4002348857
4002348858
4002348859
4002348904
4002349335
4002349380
4002349556
4002349557
4002349606
4002349731
4002349732
4002349733
4002349737
4002349739
4002349742
4002349751
4002349752
4002349754
4002349789
4002349982
4002350118
4002350348
4002350415
4002350489
4002350591
4002350640
4002350695
4002350709
4002350729
4002350747
4002351254
4002351281
4002351313
4002351349
4002351440
4002351441
4002351443
4002351977
4002352212
4002352300
4002352326
4002352363
4002352764
4002352782
4002352855
4002353185
4002353371
4002353372
4002353374
4002353375
4002353376
4002353377
4002353828
4002353857
4002353887
4002353905
4002354289
4002354300
4002354381
4002354411
4002354412
4002354453
4002355509
4002355581
4002355800
4002356123
4002356802
4002356878
4002356927
4002356936
4002356946
4002356965
4002356983
4002356985
4002356986
4002356992
4002356993
4002358117
4002358865
4002358908
4002359144
4002359374
4002359411
4002359440
4002359443
4002359445
4002359473
4002359574
4002360206
4002360294
4002360795
4002360812
4002360820
4002360923
4002360939
4002360954
4002360956
4002360957
4002360978
4002361000
4002361003
4002361013
4002361025
4002361026
4002361044
4002361318
4002361328
4002361329
4002361330
4002361331
4002361469
4002361821
4002361981
4002361982
4002361983
4002361984
4002362042
4002362043
4002362049
4002362050
4002362051
4002362233
4002362270
4002363106
4002363353
4002363357
4002363449
4002363596
4002363598
4002363600
4002363754
4002363818
4002363889
4002363890
4002363892
4002363893
4002363922
4002363951
4002363952
4002363953
4002363966
4002363967
4002363968
4002363969
4002363970
4002363971
4002363972
4002363975
4002363977
4002363978
4002363980
4002363981
4002363983
4002363984
4002364005
4002364025
4002364103
4002364119
4002364206
4002364209
4002364489
4002364596
4002364607
4002364611
4002364640
4002364642
4002364658
4002364685
4002364687
4002364701
4002365240
4002365361
4002365367
4002365865
4002365866
4002365867
4002365869
4002365870
4002365873
4002365874
4002365875
4002365876
4002365877
4002365878
4002365879
4002365880
4002365881
4002365882
4002366102
4002366552
4002366553
4002366554
4002366555
4002366556
4002366646
4002366771
4002367328
4002367407
4002367504
4002367514
4002367515
4002367761
4002367790
4002368160
4002368164
4002368208
4002368210
4002368220
4002368222
4002368248
4002368256
4002368257
4002368258
4002368393
4002368395
4002368579
4002368599
4002368697
4002368727
4002368790
4002368792
4002368869
4002369051
4002369327
4002369389
4002369475
4002369726
4002370118
4002370130
4002370274
4002370297
4002370408
4002370415
4002370474
4002370475
4002370476
4002370478
4002370481
4002370832
4002370916
4002370925
4002370985
4002371301
4002371570
4002371742
4002371750
4002371757
4002371759
4002371770
4002371775
4002371818
4002371822
4002371942
4002371998
4002372000
4002372318
4002372344
4002372347
4002372349
4002372357
4002372362
4002372368
4002372381
4002372385
4002372405
4002372417
4002372430
4002373039
4002373056
4002373057
4002373058
4002373080
4002373704
4002373805
4002374115
4002374215
4002374347
4002374431
4002374436
4002374665
4002374855
4002374920
4002374932
4002375033
4002375039
4002375105
4002375713
4002375890
4002375903
4002375906
4002375910
4002375919
4002375922
4002375925
4002375930
4002375933
4002375936
4002375939
4002375941
4002375943
4002376137
4002376201
4002376219
4002376225
4002376227
4002376235
4002376239
4002376243
4002376253
4002376255
4002376268
4002376274
4002376275
4002376279
4002376286
4002376366
4002376367
4002376368
4002376629
4002376790
4002376791
4002377077
4002377162
4002377484
4002377494
4002377495
4002377500
4002377501
4002377504
4002377516
4002377520
4002377522
4002377524
4002377531
4002377541
4002377563
4002378371
4002378390
4002378631
4002378635
4002378644
4002378679
4002378685
4002378688
4002378704
4002378716
4002379490
4002379641
