3003136868
4000923044
4001029119
4001029131
4001084656
4001221160
4001324102
4001414280
4001505783
4001532182
4001532384
4001532445
4001532779
4001533540
4001533544
4001533554
4001533555
4001533559
4001533560
4001533561
4001553799
4001613867
4001667904
4001684572
4001684659
4001689465
4001701615
4001701618
4001705577
4001705581
4001722754
4001722766
4001746761
4001763170
4001789320
4001822457
4001822459
4001827888
4001860391
4001863630
4001864248
4001886181
4001889637
4001895726
4001899566
4001903310
4001910452
4001945360
4001959868
4001962810
4001979098
4001979187
4001981371
4001988136
4001988242
4002002704
4002003438
4002003439
4002020542
4002022167
4002024090
4002024094
4002024099
4002024104
4002031560
4002032846
4002037892
4002042761
4002046822
4002047117
4002051385
4002052756
4002053396
4002056667
4002061567
4002066884
4002071549
4002074051
4002075047
4002076132
4002080594
4002086678
4002086683
4002093599
4002093878
4002097086
4002097242
4002097552
4002097823
4002097824
4002101010
4002106691
4002107451
4002108810
4002109067
4002110035
4002127608
4002129832
4002130456
4002130458
4002130464
4002133673
4002137171
4002140820
4002148096
4002150675
4002150677
4002154454
4002156886
4002162965
4002162967
4002165294
4002166204
4002169411
4002170829
4002170832
4002170834
4002170835
4002170836
4002173517
4002175835
4002176316
4002176793
4002183276
4002187360
4002189210
4002189462
4002189802
4002193645
4002193663
4002196623
4002197122
4002198428
4002199962
4002200253
4002201822
4002202979
4002204372
4002204377
4002204393
4002204407
4002205662
4002209926
4002210668
4002210673
4002213026
4002213122
4002214349
4002217275
4002217906
4002217990
4002218154
4002218446
4002219730
4002220381
4002220428
4002220520
4002221025
4002221209
4002221964
4002221965
4002222133
4002222193
4002223320
4002223899
4002223958
4002226443
4002226517
4002227747
4002227754
4002227804
4002227806
4002230065
4002230259
4002230500
4002230914
4002232816
4002233314
4002233374
4002233736
4002236636
4002236641
4002236947
4002238969
4002238975
4002240505
4002241525
4002241545
4002241929
4002243151
4002243625
4002245155
4002245354
4002246342
4002246714
4002246798
4002246820
4002246939
4002247370
4002247379
4002247470
4002247686
4002248000
4002248506
4002250383
4002250488
4002251172
4002251327
4002253875
4002253876
4002253890
4002253956
4002253963
4002254508
4002254706
4002254707
4002254730
4002255188
4002255674
4002255693
4002256313
4002256318
4002257262
4002257301
4002257337
4002257409
4002258315
4002258403
4002258734
4002258994
4002259924
4002260338
4002260430
4002260487
4002260705
4002260706
4002260759
4002260791
4002260799
4002261288
4002261731
4002261735
4002261737
4002262432
4002262542
4002263236
4002265057
4002265058
4002265070
4002266164
4002266180
4002266186
4002266215
4002266222
4002266231
4002266237
4002266256
4002266260
4002267488
4002267730
4002268184
4002268655
4002268668
4002269434
4002270717
4002270762
4002271134
4002271783
4002271829
4002271837
4002272228
4002272744
4002273883
4002274186
4002275042
4002275454
4002275745
4002276137
4002276441
4002276480
4002276953
4002276956
4002277140
4002277141
4002277144
4002277146
4002277149
4002277152
4002277154
4002277157
4002277159
4002277160
4002277161
4002277163
4002277328
4002278210
4002278611
4002278612
4002278680
4002278712
4002278791
4002279288
4002279490
4002279582
4002280386
4002280531
4002281048
4002282342
4002282713
4002282729
4002284426
4002285077
4002285578
4002285595
4002285600
4002285651
4002286191
4002288504
4002289015
4002289040
4002289072
4002289091
4002289121
4002289145
4002289226
4002289473
4002289479
4002289511
4002289684
4002289745
4002289747
4002289748
4002290014
4002291572
4002291662
4002291858
4002292183
4002292189
4002292197
4002292254
4002292256
4002292261
4002294087
4002294240
4002294345
4002294480
4002294679
4002294796
4002294930
4002294945
4002294949
4002294953
4002294984
4002295013
4002295064
4002295385
4002296149
4002296171
4002296911
4002297770
4002298234
4002299828
4002299853
4002299855
4002299864
4002299896
4002300840
4002300856
4002300878
4002300916
4002300919
4002300920
4002300923
4002300925
4002300926
4002300927
4002300928
4002300930
4002300935
4002300938
4002301614
4002301965
4002301989
4002302080
4002302084
4002302216
4002302244
4002302742
4002303003
4002303033
4002303049
4002303072
4002303115
4002303521
4002303744
4002306305
4002306460
4002306505
4002306561
4002306581
4002306784
4002306964
4002307264
4002307708
4002307873
4002307874
4002308159
4002308654
4002308790
4002308870
4002309328
4002309357
4002309366
4002309515
4002309871
4002309885
4002309925
4002310029
4002311053
4002311285
4002311382
4002311419
4002312055
4002312157
4002312443
4002312489
4002312498
4002312507
4002312554
4002312712
4002312836
4002312840
4002312946
4002313918
4002314620
4002314772
4002315071
4002315159
4002315497
4002315504
4002315514
4002315610
4002316021
4002316026
4002316051
4002316052
4002316124
4002316236
4002316244
4002316245
4002316247
4002316249
4002316250
4002316252
4002316432
4002317830
4002317831
4002317840
4002317877
4002318789
4002318949
4002318975
4002319191
4002320195
4002320614
4002321260
4002321340
4002321618
4002321668
4002321901
4002321938
4002321941
4002322051
4002322548
4002322962
4002323133
4002323194
4002323586
4002323643
4002323958
4002324414
4002324719
4002324780
4002324781
4002324830
4002325645
4002325811
4002325961
4002326231
4002326595
4002326798
4002326812
4002326857
4002326931
4002326933
4002326953
4002326968
4002327255
4002327373
4002327513
4002327529
4002327613
4002328073
4002328154
4002328157
4002328380
4002328582
4002328584
4002328585
4002328832
4002329003
4002329031
4002329315
4002329377
4002330014
4002330045
4002330149
4002330362
4002330585
4002330608
4002331191
4002331211
4002331283
4002331311
4002331325
4002331619
4002331628
4002331637
4002331732
4002331733
4002331819
4002331974
4002331975
4002333088
4002333229
4002333658
4002333678
4002333748
4002333778
4002333869
4002334026
4002334514
4002334539
4002334549
4002334561
4002334589
4002334636
4002334644
4002335200
4002335347
4002335389
4002335558
4002335660
4002335784
4002336291
4002336292
4002337416
4002338179
4002338222
4002338228
4002338272
4002339312
4002339313
4002339386
4002339410
4002339816
4002340294
4002340387
4002340691
4002340693
4002340702
4002340722
4002340750
4002340765
4002340976
4002340979
4002341115
4002341118
4002341256
4002341273
4002341289
4002341558
4002342058
4002342065
4002342252
4002342253
4002342476
4002342666
4002343369
4002343585
4002343763
4002344052
4002344083
4002344278
4002344293
4002344464
4002344499
4002344550
4002344909
4002345157
4002345724
4002346106
4002346114
4002346339
4002346350
4002346669
4002347085
4002347087
4002347144
4002347152
4002347252
4002347313
4002347384
4002347403
4002347430
4002347693
4002347804
4002347808
4002347825
4002347968
4002348195
4002349030
4002349053
4002349072
4002349382
4002349880
4002349954
4002350053
4002350062
4002350146
4002350479
4002350559
4002350567
4002350607
4002350614
4002350618
4002350625
4002350642
4002350652
4002350725
4002350793
4002350893
4002350936
4002350942
4002350971
4002351013
4002351386
4002351467
4002351504
4002351960
4002352080
4002352112
4002352357
4002352453
4002352778
4002353121
4002353566
4002353813
4002353815
4002353819
4002353821
4002353829
4002353832
4002353883
4002354068
4002354069
4002354070
4002354363
4002354371
4002355374
4002355375
4002355747
4002355748
4002355974
4002356257
4002356546
4002356928
4002356929
4002356960
4002356969
4002356976
4002358109
4002358125
4002358146
4002358152
4002358160
4002358174
4002358724
4002359872
4002359877
4002360052
4002360058
4002360135
4002360136
4002360137
4002360154
4002360202
4002360236
4002360533
4002360641
4002360644
4002360675
4002360696
4002361484
4002361518
4002361706
4002361708
4002361879
4002361927
4002362273
4002362984
4002363030
4002363031
4002363032
4002363033
4002363325
4002363506
4002363507
4002363508
4002363574
4002363815
4002363816
4002363817
4002363834
4002363842
4002363945
4002363985
4002363991
4002364013
4002364053
4002364098
4002364107
4002364313
4002364314
4002364316
4002364451
4002364586
4002364604
4002364673
4002364680
4002364689
4002364696
4002364699
4002364742
4002364818
4002364882
4002364883
4002364885
4002364894
4002364914
4002364971
4002365024
4002365074
4002365075
4002365081
4002365082
4002365213
4002365290
4002365373
4002365448
4002366609
4002367062
4002367065
4002367099
4002367155
4002367199
4002367530
4002367906
4002367917
4002368015
4002368134
4002368166
4002368203
4002368211
4002368212
4002368234
4002368242
4002368265
4002368632
4002368683
4002368733
4002368936
4002369164
4002369205
4002369727
4002370276
4002370619
4002370620
4002370780
4002370936
4002370942
4002370943
4002371062
4002371078
4002371297
4002371592
4002371711
4002371729
4002371735
4002371737
4002371764
4002371766
4002371767
4002371768
4002371772
4002371794
4002371806
4002371814
4002371838
4002371840
4002371842
4002371849
4002371851
4002371852
4002371853
4002371854
4002371857
4002371923
4002371924
4002371961
4002372062
4002372071
4002372704
4002372897
4002373167
4002373168
4002373169
4002373170
4002373171
4002373172
4002373173
4002373174
4002373176
4002373177
4002373196
4002373325
4002373333
4002373334
4002373598
4002373728
4002373793
4002373815
4002373969
4002374082
4002374083
4002374088
4002374089
4002374098
4002374366
4002374520
4002374629
4002374630
4002374631
4002374837
4002374838
4002374869
4002374907
4002374933
4002374937
4002375023
4002375028
4002375042
4002375044
4002375110
4002375176
4002375239
4002375355
4002375356
4002375358
4002375360
4002375361
4002375516
4002375672
4002375686
4002375748
4002375825
4002375852
4002376182
4002376183
4002376364
4002376365
4002376411
4002376560
4002376826
4002376850
4002376851
4002376852
4002376854
4002376855
4002376857
4002376858
4002376859
4002376909
4002377485
4002377490
4002377498
4002377505
4002377512
4002377538
4002377576
4002377578
4002377623
4002377770
4002377945
4002378370
4002378656
4002378658
4002378682
4002378705
4002378822
4002378917
4002378918
4002378919
4002378920
4002378921
4002378922
4002378969
4002379284
4002379394
4002379396
4002379468
4002379469
4002379470
4002379539
4002379564
4002379588
