4001209961
4001624076
4001863391
4001876517
4001884955
4001903397
4001910458
4001912602
4001912792
4001982249
4002010864
4002010989
4002093093
4002100658
4002135904
4002140395
4002140454
4002152694
4002186505
4002210619
4002210697
4002214100
4002216580
4002219068
4002241194
4002260503
4002263079
4002265985
4002267089
4002270440
4002274838
4002274934
4002282407
4002292073
4002296373
4002296385
4002305430
4002306926
4002308146
4002308877
4002308878
4002312074
4002313650
4002313655
4002314166
4002314167
4002318266
4002320405
4002320406
4002322874
4002322976
4002323642
4002325718
4002326605
4002330194
4002331378
4002333837
4002333871
4002334274
4002334928
4002335239
4002336487
4002340349
4002340371
4002340868
4002342790
4002343882
4002343945
4002344808
4002346357
4002346968
4002348490
4002348985
4002349242
4002349310
4002350283
4002350341
4002352802
4002353454
4002353716
4002353720
4002353764
4002358083
4002359425
4002359427
4002359428
4002363725
4002365005
4002368086
4002368668
4002370219
4002370319
4002370321
4002371602
4002373569
4002374766
4002377452
4002379582
