3002315118
4000950289
4001264815
4001578753
4001753071
4001770981
4001965202
4001973645
4001978069
4001978350
4001982065
4001982332
4002027758
4002028645
4002034586
4002038839
4002041403
4002045872
4002049380
4002049381
4002084807
4002150492
4002151634
4002161613
4002173638
4002175488
4002175611
4002176578
4002194864
4002194865
4002194867
4002200559
4002220636
4002229884
4002233224
4002235648
4002238617
4002241166
4002243090
4002246570
4002247849
4002250295
4002253661
4002253696
4002254217
4002260511
4002263083
4002264957
4002266067
4002266171
4002268768
4002271608
4002271612
4002275267
4002275356
4002277694
4002278508
4002278562
4002284919
4002285407
4002285408
4002286494
4002288897
4002288913
4002291317
4002292046
4002292058
4002292629
4002297191
4002299942
4002300815
4002300822
4002301884
4002302410
4002302858
4002308523
4002308815
4002309175
4002309185
4002309321
4002309519
4002309524
4002311156
4002312293
4002312294
4002314069
4002314163
4002314329
4002315979
4002315980
4002316357
4002317056
4002317696
4002317739
4002317756
4002318883
4002318890
4002319389
4002321011
4002326520
4002326523
4002326542
4002326544
4002326546
4002328117
4002328263
4002328318
4002328560
4002328563
4002328727
4002329050
4002330957
4002331058
4002331074
4002331077
4002331084
4002331539
4002331697
4002334378
4002334392
4002334798
4002335235
4002335385
4002335566
4002336910
4002336912
4002337017
4002337376
4002338114
4002338127
4002338131
4002338977
4002340529
4002340531
4002340541
4002340548
4002340551
4002340741
4002343925
4002343929
4002343935
4002343938
4002344592
4002344894
4002347372
4002347373
4002347632
4002349213
4002349697
4002349698
4002350069
4002350273
4002350326
4002350748
4002351388
4002353230
4002353706
4002353734
4002355510
4002356114
4002356882
4002356894
4002358085
4002358946
4002359698
4002360514
4002360832
4002360834
4002360839
4002360851
4002360856
4002361295
4002362155
4002363186
4002363431
4002363787
4002364509
4002364522
4002365133
4002365227
4002365585
4002365589
4002366781
4002367078
4002368056
4002368058
4002368076
4002368077
4002368321
4002368670
4002368671
4002369386
4002370369
4002370370
4002372027
4002372658
4002374194
4002374815
4002374821
4002374823
4002375558
4002376996
4002377540
4002378592
4002378595
4002378599
4002378609
4002378614
4002378702
