3003233448
3003233449
3003233450
3003324856
3003533474
4000567747
4000574103
4000635971
4000963937
4001158429
4001169239
4001173574
4001224471
4001261447
4001334100
4001356523
4001423550
4001423551
4001429247
4001430099
4001431952
4001454350
4001541624
4001551795
4001559902
4001654038
4001654161
4001668472
4001668476
4001668477
4001668478
4001668479
4001668480
4001668481
4001668482
4001668483
4001668484
4001668485
4001668486
4001668488
4001668489
4001671689
4001671712
4001671713
4001671714
4001671715
4001671716
4001681162
4001729255
4001743479
4001743480
4001746394
4001763247
4001780967
4001802952
4001812041
4001812042
4001837556
4001837561
4001837562
4001843725
4001857967
4001860546
4001864277
4001893618
4001895316
4001897918
4001897955
4001898808
4001906307
4001908416
4001913533
4001913602
4001916218
4001946541
4001946675
4001946921
4001959818
4001962764
4001964375
4001979847
4001979992
4001980050
4001981510
4001981693
4001983158
4001983703
4001997101
4002014558
4002021347
4002022066
4002027528
4002028914
4002041805
4002042494
4002042840
4002043777
4002045527
4002045557
4002054709
4002061775
4002061981
4002068632
4002068733
4002068811
4002069201
4002069925
4002069927
4002071377
4002071650
4002073413
4002076689
4002082385
4002086365
4002089483
4002089958
4002090488
4002090536
4002092001
4002092082
4002092459
4002092628
4002092710
4002092995
4002096365
4002098836
4002100949
4002106146
4002108442
4002110599
4002110771
4002110775
4002115820
4002118536
4002118537
4002118540
4002119471
4002136615
4002136617
4002136619
4002136621
4002136622
4002136623
4002136624
4002136626
4002136627
4002136628
4002136629
4002136654
4002136714
4002136726
4002136727
4002136729
4002136730
4002136731
4002136732
4002136733
4002136736
4002136737
4002136740
4002136742
4002136744
4002136797
4002136806
4002136817
4002136818
4002136821
4002136844
4002139974
4002157226
4002159252
4002162405
4002164998
4002173268
4002178091
4002178459
4002180025
4002185632
4002191450
4002197927
4002197928
4002198730
4002198860
4002198962
4002210995
4002214652
4002214653
4002216969
4002216970
4002217617
4002218685
4002219654
4002219736
4002219877
4002220412
4002222950
4002224018
4002224922
4002226446
4002227779
4002229991
4002229994
4002230106
4002230578
4002230591
4002230625
4002233325
4002233417
4002235563
4002236593
4002236657
4002244647
4002246744
4002246775
4002250500
4002252438
4002253049
4002253810
4002253878
4002253920
4002254103
4002255898
4002256142
4002256197
4002256577
4002256991
4002257189
4002257282
4002257330
4002257558
4002260683
4002260728
4002261516
4002262832
4002265023
4002265033
4002265041
4002265044
4002266093
4002266230
4002266232
4002268632
4002268638
4002271175
4002271716
4002271717
4002271820
4002274805
4002275344
4002275421
4002278637
4002279095
4002280945
4002282695
4002284018
4002285525
4002285538
4002285562
4002285591
4002285605
4002286130
4002286665
4002286979
4002286980
4002287563
4002289014
4002289137
4002289520
4002289995
4002289996
4002289997
4002290000
4002290107
4002290805
4002291139
4002291888
4002291890
4002291907
4002291918
4002291920
4002291935
4002291943
4002291947
4002291948
4002291949
4002291953
4002291955
4002291957
4002292009
4002292200
4002292685
4002294034
4002294992
4002295044
4002295062
4002295071
4002297024
4002297647
4002299813
4002299865
4002299873
4002300857
4002304059
4002304060
4002305784
4002306115
4002306140
4002306498
4002306527
4002307160
4002309402
4002309424
4002311866
4002311931
4002312405
4002312408
4002312414
4002312493
4002312810
4002314618
4002315464
4002316104
4002316291
4002317778
4002317784
4002317815
4002317843
4002317890
4002318217
4002318926
4002318965
4002319323
4002320438
4002321193
4002321544
4002321545
4002322739
4002323679
4002324263
4002324529
4002324565
4002326720
4002326728
4002326730
4002326736
4002326746
4002326772
4002326891
4002326957
4002327904
4002328063
4002328324
4002328606
4002330182
4002330214
4002330256
4002330593
4002331235
4002331256
4002331988
4002332885
4002332969
4002334630
4002335038
4002335600
4002336952
4002336988
4002336990
4002336991
4002337022
4002337041
4002337048
4002337060
4002338161
4002338187
4002338197
4002338447
4002338631
4002339407
4002339683
4002340638
4002340714
4002341135
4002341175
4002341742
4002341805
4002341831
4002341832
4002341850
4002341871
4002342537
4002342753
4002342842
4002342931
4002342954
4002343163
4002343164
4002343166
4002343167
4002343174
4002343181
4002343182
4002343188
4002343202
4002343219
4002343479
4002344017
4002344122
4002344158
4002344170
4002344482
4002344565
4002345065
4002345134
4002345179
4002345198
4002346769
4002347028
4002347153
4002347256
4002347350
4002347393
4002347401
4002347856
4002348167
4002348523
4002348524
4002348790
4002350455
4002350456
4002350457
4002350563
4002350632
4002350654
4002350658
4002350726
4002351627
4002352296
4002352415
4002353328
4002353344
4002353848
4002353880
4002354301
4002355815
4002356413
4002356552
4002356997
4002357415
4002357925
4002358103
4002358111
4002358114
4002358818
4002358831
4002360917
4002360927
4002360955
4002360970
4002360986
4002361111
4002361158
4002363494
4002364204
4002364205
4002364445
4002364597
4002364676
4002364823
4002365633
4002367503
4002368162
4002368328
4002368566
4002369297
4002370374
4002370383
4002370384
4002370387
4002370390
4002370395
4002370601
4002370602
4002370989
4002371208
4002371214
4002371215
4002371695
4002371696
4002371727
4002371738
4002371771
4002373480
4002374934
4002375095
4002375112
4002375117
4002375812
4002377423
4002377427
4002377497
4002377518
4002377525
4002377867
4002378639
4002378674
