4000464840
4000732288
4001122933
4001264467
4001419144
4001432705
4001452147
4001547067
4001585702
4001590738
4001590741
4001593897
4001603897
4001603898
4001603899
4001603900
4001624361
4001661828
4001664984
4001696364
4001705561
4001705562
4001705580
4001705583
4001745590
4001786627
4001803702
4001821058
4001827142
4001833462
4001876981
4001893965
4001897992
4001897997
4001927321
4001936996
4001938648
4001976259
4001986577
4001990188
4001996669
4002010621
4002018495
4002021224
4002021651
4002028874
4002030767
4002031460
4002038775
4002043003
4002044142
4002048059
4002048079
4002048085
4002064128
4002070359
4002073412
4002077863
4002081026
4002084948
4002089436
4002090379
4002091636
4002093555
4002113570
4002115426
4002117881
4002117956
4002120236
4002120238
4002120392
4002129404
4002129938
4002131727
4002131965
4002131974
4002131980
4002146352
4002154866
4002157349
4002157633
4002158105
4002162697
4002162698
4002168991
4002168994
4002168995
4002168997
4002168999
4002169001
4002169003
4002169004
4002169009
4002169012
4002169013
4002169015
4002169016
4002169017
4002169803
4002169946
4002171500
4002172541
4002180168
4002180632
4002188854
4002189717
4002190426
4002196605
4002198488
4002203527
4002209319
4002209381
4002210885
4002210926
4002215605
4002220861
4002221810
4002223149
4002223318
4002223809
4002223820
4002224911
4002226370
4002229886
4002233014
4002234272
4002236243
4002236244
4002236400
4002236508
4002237362
4002238315
4002239997
4002240488
4002245171
4002245546
4002246419
4002246422
4002250237
4002250905
4002252613
4002252617
4002253324
4002253632
4002253660
4002254534
4002256083
4002256206
4002257146
4002257190
4002257195
4002257227
4002258098
4002259409
4002259543
4002260150
4002260852
4002261362
4002263136
4002263146
4002264664
4002264954
4002264994
4002266102
4002266161
4002266575
4002267096
4002267407
4002267889
4002268392
4002268474
4002269310
4002272324
4002274342
4002274343
4002274881
4002275208
4002275853
4002276220
4002278182
4002278689
4002279235
4002279285
4002279328
4002280856
4002280863
4002284212
4002284770
4002285334
4002285418
4002285419
4002285466
4002287424
4002288893
4002288939
4002289546
4002290699
4002290925
4002290959
4002291219
4002292060
4002292081
4002292460
4002292464
4002294848
4002294858
4002294860
4002295046
4002295257
4002296505
4002299753
4002300788
4002300798
4002300801
4002302313
4002302647
4002302876
4002302877
4002302890
4002304243
4002305171
4002306256
4002306387
4002306462
4002306657
4002307086
4002307087
4002307265
4002308103
4002308297
4002308791
4002309914
4002311499
4002311865
4002311878
4002311968
4002311981
4002312186
4002313005
4002313051
4002313188
4002314170
4002314188
4002314559
4002314755
4002315346
4002317706
4002318806
4002318858
4002318861
4002319436
4002320219
4002320598
4002320906
4002320945
4002321098
4002321384
4002321460
4002321461
4002321470
4002321525
4002321571
4002321652
4002321943
4002323822
4002323826
4002324190
4002324471
4002324527
4002325428
4002325828
4002326050
4002326160
4002326475
4002326653
4002326660
4002327070
4002327212
4002327228
4002327229
4002327230
4002327231
4002327232
4002327233
4002327342
4002327541
4002327597
4002327598
4002327599
4002327711
4002328251
4002328327
4002329733
4002329771
4002329812
4002329828
4002330227
4002330285
4002330353
4002330354
4002330649
4002330750
4002331007
4002331030
4002331094
4002331399
4002331544
4002331595
4002331624
4002331642
4002331871
4002332064
4002332147
4002332231
4002332250
4002333457
4002333608
4002333826
4002333835
4002333836
4002334264
4002334433
4002334452
4002334453
4002334890
4002334900
4002334968
4002335223
4002336149
4002336924
4002336926
4002336929
4002337076
4002337973
4002337999
4002338088
4002338113
4002338115
4002338116
4002338604
4002338621
4002339080
4002339196
4002339448
4002339608
4002339901
4002340034
4002340040
4002340477
4002340482
4002340483
4002340510
4002340563
4002340865
4002340928
4002341172
4002341191
4002341205
4002341214
4002341238
4002342221
4002342479
4002342494
4002342760
4002342914
4002342936
4002343329
4002343605
4002343852
4002343881
4002343910
4002343916
4002343943
4002344403
4002344442
4002344450
4002344459
4002344763
4002345478
4002346944
4002346956
4002347118
4002347292
4002347376
4002348458
4002348761
4002348762
4002348763
4002348764
4002348765
4002348787
4002349596
4002349887
4002350275
4002350318
4002350345
4002350403
4002350839
4002351067
4002351073
4002351093
4002351100
4002351154
4002351666
4002351740
4002352093
4002352096
4002353147
4002353363
4002353545
4002353634
4002353709
4002353926
4002353941
4002355636
4002356843
4002356845
4002356849
4002356867
4002357063
4002359037
4002359190
4002359192
4002359402
4002359486
4002359744
4002360025
4002360110
4002360159
4002360208
4002360448
4002360495
4002360747
4002360825
4002360916
4002361122
4002361145
4002361297
4002361395
4002361460
4002361487
4002361492
4002361768
4002361773
4002361779
4002362059
4002362179
4002362203
4002363026
4002363027
4002363114
4002363324
4002363512
4002363769
4002363826
4002363919
4002364088
4002364186
4002364237
4002364319
4002364459
4002364476
4002364479
4002364497
4002364541
4002364801
4002364864
4002365041
4002365063
4002365526
4002366601
4002366602
4002366693
4002366762
4002366972
4002367031
4002367096
4002367097
4002367103
4002367211
4002367236
4002367276
4002367312
4002367373
4002367375
4002367376
4002367377
4002367578
4002367812
4002367813
4002367837
4002368168
4002368578
4002368674
4002368909
4002368910
4002369044
4002369083
4002369103
4002370072
4002370492
4002370500
4002370575
4002370614
4002370988
4002371019
4002371176
4002371231
4002371282
4002371330
4002371605
4002371644
4002371655
4002371661
4002371662
4002371900
4002372190
4002372191
4002373023
4002373077
4002373224
4002373226
4002373227
4002373556
4002373674
4002373687
4002373691
4002373911
4002374282
4002374401
4002374447
4002374487
4002374710
4002374734
4002374739
4002374749
4002374758
4002374767
4002374840
4002375325
4002375775
4002376097
4002376914
4002377428
4002377429
4002377752
4002378261
4002378543
4002378545
4002378576
4002378587
4002378590
4002378657
4002378994
