3002848437
3003194949
3003492004
4000299457
4000772281
4000892715
4000958517
4001026898
4001063438
4001073252
4001087020
4001202825
4001274436
4001277827
4001293782
4001334047
4001334066
4001334079
4001336190
4001416966
4001427848
4001432352
4001432851
4001454385
4001513020
4001513021
4001542324
4001544796
4001583584
4001583586
4001583588
4001587417
4001587418
4001587419
4001587421
4001614708
4001642199
4001654194
4001662189
4001666879
4001667738
4001668532
4001668533
4001668551
4001668561
4001668871
4001670367
4001671690
4001671695
4001671700
4001671718
4001671730
4001678129
4001678132
4001678138
4001678139
4001678140
4001678517
4001678520
4001678522
4001678529
4001678534
4001678535
4001685148
4001685149
4001687243
4001693304
4001721392
4001721393
4001721397
4001723698
4001724742
4001724752
4001724772
4001726120
4001726424
4001726455
4001728112
4001729926
4001732069
4001732114
4001742340
4001751164
4001752824
4001761494
4001766225
4001768277
4001768278
4001768280
4001772737
4001773423
4001773780
4001780770
4001791516
4001801313
4001810534
4001811560
4001819033
4001820080
4001821116
4001829183
4001835453
4001836565
4001837601
4001840936
4001841367
4001844923
4001848519
4001849816
4001855956
4001858631
4001861138
4001863811
4001865066
4001865174
4001867848
4001871118
4001885960
4001885964
4001887600
4001897986
4001898163
4001898357
4001899402
4001900838
4001901483
4001902948
4001903137
4001903222
4001917422
4001919128
4001919357
4001919383
4001919955
4001922921
4001927268
4001927727
4001927752
4001927757
4001927777
4001927781
4001927783
4001927792
4001927952
4001930114
4001931047
4001931050
4001931581
4001934093
4001936358
4001936683
4001937114
4001937117
4001940513
4001947304
4001953064
4001954852
4001954853
4001957418
4001957470
4001957891
4001960213
4001962192
4001962194
4001962196
4001962198
4001964018
4001964066
4001964382
4001964383
4001974203
4001976053
4001983149
4001986028
4001988891
4001989314
4001991903
4001992949
4001997181
4001997182
4002000449
4002000768
4002005826
4002005914
4002012241
4002013438
4002013440
4002016919
4002018259
4002020028
4002024136
4002024338
4002029555
4002030297
4002031393
4002031457
4002031597
4002040191
4002041010
4002042108
4002043129
4002045427
4002046051
4002048619
4002049387
4002052410
4002053458
4002054699
4002054708
4002058008
4002058010
4002058935
4002059767
4002059768
4002063085
4002064557
4002065348
4002069982
4002072247
4002073533
4002074070
4002074071
4002074715
4002074850
4002074886
4002078354
4002078765
4002078900
4002079957
4002080721
4002080723
4002081677
4002081678
4002082734
4002083226
4002083844
4002086374
4002086773
4002086774
4002086778
4002086779
4002087689
4002090376
4002090377
4002090772
4002092578
4002093853
4002095988
4002096319
4002096501
4002096509
4002096879
4002096953
4002099079
4002099080
4002100191
4002100212
4002104729
4002106110
4002108122
4002108341
4002108805
4002108807
4002108808
4002111062
4002111422
4002113177
4002114614
4002115719
4002115723
4002115728
4002115732
4002115736
4002115739
4002115741
4002115742
4002115743
4002115744
4002115748
4002115750
4002115752
4002115753
4002115754
4002115755
4002115762
4002115765
4002115766
4002115768
4002115772
4002115773
4002115775
4002115777
4002115780
4002115782
4002115786
4002115788
4002115789
4002115791
4002115796
4002115799
4002115802
4002115804
4002115806
4002115809
4002115810
4002115811
4002115812
4002115813
4002115814
4002115817
4002115822
4002115823
4002115824
4002115825
4002115826
4002115829
4002115830
4002115831
4002115832
4002115833
4002115834
4002115835
4002115836
4002115839
4002115842
4002115843
4002115844
4002115846
4002115847
4002115848
4002115849
4002115851
4002115854
4002115855
4002115856
4002115858
4002115859
4002115860
4002115861
4002115863
4002115865
4002115867
4002115868
4002116606
4002116715
4002118538
4002118539
4002118646
4002129258
4002129540
4002131189
4002131192
4002131870
4002132769
4002134826
4002135770
4002136635
4002136636
4002136637
4002136661
4002136788
4002136793
4002136794
4002136796
4002136807
4002136825
4002136847
4002136854
4002136859
4002136860
4002136899
4002137491
4002139127
4002140025
4002140026
4002140028
4002140029
4002140860
4002141063
4002142801
4002145962
4002146199
4002146802
4002148028
4002150585
4002152054
4002153938
4002154381
4002160919
4002160920
4002161781
4002161782
4002162331
4002164371
4002164792
4002165205
4002165977
4002167123
4002168881
4002169135
4002169339
4002169340
4002169774
4002169911
4002170180
4002171866
4002172009
4002172467
4002174008
4002174567
4002174762
4002175457
4002175518
4002175524
4002177024
4002177027
4002177076
4002180033
4002180034
4002180035
4002180059
4002180340
4002180530
4002181096
4002181605
4002181897
4002181899
4002182666
4002183849
4002183850
4002185581
4002185635
4002185995
4002187328
4002187493
4002190067
4002190086
4002190088
4002190089
4002190092
4002190094
4002190710
4002191042
4002191648
4002192425
4002194474
4002194577
4002196404
4002196405
4002196406
4002196409
4002196414
4002196415
4002196417
4002196418
4002196419
4002196420
4002196421
4002196459
4002196460
4002196462
4002196464
4002196466
4002196909
4002196910
4002197926
4002198169
4002199055
4002200210
4002202012
4002203320
4002203321
4002203322
4002203649
4002204266
4002205984
4002207810
4002208958
4002209188
4002209386
4002209792
4002210048
4002210324
4002210444
4002212883
4002212885
4002214280
4002214524
4002214533
4002216200
4002216201
4002216685
4002217337
4002217349
4002217516
4002217517
4002217928
4002217929
4002219154
4002219745
4002219851
4002220210
4002220374
4002221141
4002222438
4002224292
4002224293
4002224588
4002225309
4002230721
4002231611
4002232648
4002232649
4002232744
4002232964
4002233894
4002233965
4002234012
4002234014
4002235095
4002235885
4002236023
4002237284
4002237505
4002237769
4002237854
4002238083
4002238288
4002238449
4002239458
4002242560
4002243380
4002243382
4002244501
4002245909
4002248056
4002249357
4002249636
4002250191
4002250200
4002250852
4002250900
4002251986
4002251989
4002251991
4002253014
4002254521
4002254535
4002256169
4002256170
4002256171
4002256682
4002256993
4002257047
4002257106
4002257476
4002257496
4002257876
4002258785
4002259394
4002259577
4002259578
4002259579
4002259727
4002261066
4002261067
4002261664
4002261761
4002261762
4002261773
4002262476
4002262898
4002265833
4002267738
4002269822
4002270082
4002270307
4002270394
4002271147
4002271152
4002271450
4002272603
4002273712
4002274004
4002274188
4002274512
4002274808
4002274825
4002275798
4002275843
4002276296
4002276765
4002276986
4002277174
4002277175
4002277176
4002278081
4002278334
4002279349
4002279350
4002279351
4002279368
4002282346
4002282348
4002282542
4002283049
4002283050
4002284564
4002285238
4002285759
4002286885
4002288294
4002288295
4002288373
4002288375
4002288426
4002289204
4002289439
4002289524
4002290139
4002290140
4002290208
4002291359
4002291414
4002292559
4002293172
4002293553
4002294231
4002294248
4002294263
4002294478
4002294582
4002294732
4002295877
4002296222
4002296379
4002296599
4002296968
4002296969
4002297457
4002297458
4002297555
4002297749
4002298098
4002298099
4002298101
4002300628
4002301132
4002301660
4002302269
4002302270
4002302441
4002302468
4002302819
4002303443
4002303836
4002304635
4002304636
4002304797
4002304837
4002305079
4002305695
4002305798
4002305917
4002306257
4002306259
4002306955
4002307161
4002307233
4002307305
4002307921
4002308074
4002308081
4002308594
4002308885
4002308886
4002309002
4002309508
4002309522
4002309568
4002309660
4002309955
4002309995
4002310150
4002311068
4002311628
4002311692
4002311774
4002311775
4002311776
4002311777
4002311778
4002311779
4002311780
4002311781
4002311782
4002311783
4002311784
4002311785
4002311786
4002311787
4002311788
4002311789
4002311790
4002311791
4002311792
4002311794
4002311795
4002311796
4002311800
4002311801
4002311802
4002311803
4002311836
4002311971
4002312142
4002313340
4002313481
4002313736
4002314810
4002314811
4002314989
4002315211
4002315596
4002315892
4002315897
4002318201
4002318223
4002318235
4002319918
4002320187
4002320553
4002321459
4002321516
4002321781
4002321782
4002321876
4002322211
4002322611
4002322956
4002323367
4002323798
4002323963
4002324482
4002324887
4002324891
4002324943
4002325111
4002325777
4002325836
4002326042
4002326078
4002326128
4002326265
4002326439
4002326731
4002326777
4002326956
4002327057
4002327204
4002327614
4002327948
4002327998
4002328055
4002328082
4002328173
4002328624
4002328924
4002328925
4002328934
4002328938
4002329246
4002329372
4002329540
4002329718
4002329763
4002329807
4002329821
4002329953
4002330056
4002330203
4002330223
4002330234
4002330339
4002330460
4002330463
4002330465
4002330726
4002330792
4002330895
4002331436
4002331594
4002331718
4002331720
4002331939
4002332395
4002332810
4002333057
4002333136
4002333146
4002333340
4002333626
4002333747
4002333777
4002334194
4002334215
4002334252
4002334462
4002334596
4002334793
4002334794
4002334795
4002335161
4002335948
4002335984
4002336324
4002338290
4002338291
4002338466
4002338632
4002338654
4002338665
4002338961
4002339195
4002339324
4002339326
4002339331
4002339333
4002339763
4002340342
4002340355
4002340356
4002340475
4002340573
4002340967
4002340968
4002341041
4002341286
4002341381
4002341445
4002341815
4002342196
4002342201
4002342451
4002342464
4002342472
4002342490
4002342833
4002342904
4002342949
4002342956
4002342957
4002343177
4002343185
4002343189
4002343201
4002343209
4002343211
4002343215
4002343216
4002343218
4002343571
4002343610
4002344228
4002344239
4002344244
4002344504
4002344826
4002345135
4002345206
4002345210
4002345437
4002345438
4002345439
4002345440
4002345441
4002346093
4002346094
4002346366
4002347204
4002347882
4002347928
4002347929
4002348244
4002348245
4002348522
4002348548
4002348912
4002348966
4002348982
4002349498
4002349524
4002349766
4002349768
4002349822
4002350082
4002350181
4002350231
4002351075
4002351788
4002354065
4002354346
4002354348
4002354349
4002354352
4002354354
4002354355
4002355808
4002355812
4002355984
4002356097
4002356414
4002356415
4002356697
4002357254
4002357385
4002357409
4002357452
4002358832
4002359743
4002359756
4002359914
4002360303
4002360881
4002361824
4002361825
4002361842
4002361843
4002361844
4002362242
4002362243
4002362271
4002363584
4002363585
4002363587
4002363588
4002363678
4002363863
4002363864
4002363947
4002364026
4002364038
4002364435
4002364436
4002364788
4002364822
4002364824
4002364847
4002365032
4002365510
4002366671
4002366720
4002366721
4002368486
4002368496
4002368510
4002368571
4002368684
4002368980
4002369203
4002369312
4002369313
4002369756
4002370402
4002370479
4002370559
4002370560
4002370594
4002370595
4002370596
4002371101
4002371187
4002371344
4002371574
4002371577
4002371579
4002371581
4002371999
4002372736
4002372783
4002373340
4002373341
4002373342
4002373608
4002373892
4002374321
4002374387
4002374461
4002374475
4002375021
4002375128
4002376359
4002376612
4002376613
4002376803
4002377010
4002377011
4002377938
4002377984
4002378838
