4001656496
4001801703
4001837837
4001837840
4001845501
4001958660
4001986348
4002003614
4002007318
4002028982
4002038715
4002042522
4002047536
4002066621
4002089683
4002094322
4002094324
4002108432
4002108532
4002114926
4002116362
4002121203
4002123425
4002124819
4002128828
4002142883
4002145518
4002146832
4002152920
4002162721
4002166010
4002166011
4002166013
4002166016
4002169612
4002173593
4002176134
4002176691
4002185101
4002186613
4002196719
4002198868
4002199387
4002209040
4002209586
4002216214
4002218840
4002219376
4002219888
4002226439
4002232754
4002234264
4002236084
4002236442
4002238243
4002249087
4002253346
4002253381
4002253382
4002254364
4002254375
4002256394
4002256517
4002256518
4002256521
4002257008
4002257228
4002261784
4002266967
4002267310
4002267333
4002270267
4002270295
4002273611
4002274000
4002274007
4002274189
4002274207
4002274384
4002275213
4002276304
4002282465
4002285003
4002286583
4002287469
4002289634
4002290626
4002290741
4002292664
4002292878
4002293033
4002294901
4002294936
4002296624
4002302469
4002302470
4002303189
4002305923
4002306071
4002308087
4002308142
4002308226
4002308234
4002308236
4002308238
4002308317
4002308328
4002308525
4002308658
4002308806
4002308825
4002309118
4002309144
4002310552
4002310934
4002310935
4002312698
4002312823
4002314152
4002314563
4002315377
4002317719
4002321122
4002322576
4002323396
4002323622
4002323694
4002323911
4002323980
4002326612
4002326693
4002329418
4002329622
4002330928
4002331082
4002332262
4002332297
4002333908
4002334314
4002335214
4002338622
4002339166
4002340098
4002342405
4002342606
4002343040
4002343128
4002343144
4002343152
4002343191
4002344314
4002344662
4002345001
4002345716
4002347619
4002348650
4002348652
4002348653
4002348827
4002349947
4002349948
4002349949
4002349998
4002350001
4002350057
4002350430
4002350746
4002350783
4002351400
4002351861
4002352997
4002353543
4002353671
4002353841
4002354376
4002354390
4002356861
4002358861
4002359989
4002360672
4002361451
4002361452
4002361772
4002361997
4002362160
4002363409
4002363483
4002364258
4002364326
4002364483
4002364495
4002364498
4002364713
4002364865
4002364962
4002365186
4002367334
4002367765
4002368138
4002368530
4002369594
4002369595
4002369822
4002370100
4002370600
4002370615
4002370649
4002370923
4002371004
4002371436
4002371460
4002371663
4002371835
4002371883
4002371896
4002373276
4002374190
4002375247
4002378199
4002379472
4002380098
