3001525468
3003296216
3003296264
4001723241
4001724220
4001751936
4001945574
4001960100
4001966479
4002044403
4002045421
4002060788
4002060789
4002074583
4002097062
4002112081
4002129150
4002133471
4002166659
4002166743
4002166799
4002168941
4002174048
4002175643
4002185597
4002188764
4002190849
4002190850
4002195540
4002209059
4002209998
4002228057
4002231941
4002233252
4002233455
4002236443
4002243075
4002245690
4002246663
4002248740
4002249095
4002250224
4002250763
4002252466
4002257143
4002257440
4002260670
4002267893
4002267915
4002270827
4002272323
4002273360
4002275846
4002276722
4002278405
4002278645
4002282652
4002282655
4002284763
4002285237
4002285772
4002288963
4002289151
4002291113
4002291393
4002291412
4002292595
4002294352
4002294842
4002294844
4002297589
4002297607
4002301673
4002302665
4002305442
4002306532
4002306753
4002308945
4002309257
4002309882
4002313178
4002314150
4002314551
4002314554
4002315325
4002320433
4002321490
4002321648
4002321680
4002323863
4002328057
4002328122
4002328409
4002328463
4002329217
4002331024
4002331025
4002333781
4002334240
4002334424
4002334425
4002335156
4002335224
4002335800
4002336902
4002337963
4002338484
4002339152
4002340617
4002341427
4002342057
4002343404
4002343405
4002344874
4002345805
4002345988
4002346529
4002346694
4002346743
4002346981
4002347364
4002347435
4002348162
4002349299
4002349685
4002350317
4002350319
4002350429
4002351399
4002351445
4002351577
4002353658
4002353697
4002353722
4002354100
4002354101
4002355376
4002356689
4002356833
4002356859
4002356872
4002357779
4002359723
4002359749
4002359928
4002360815
4002360841
4002361083
4002362540
4002363025
4002363336
4002364337
4002364519
4002364523
4002364654
4002364871
4002365363
4002366783
4002366784
4002368093
4002368439
4002369041
4002369108
4002369432
4002370460
4002373634
4002373701
4002374418
4002374424
4002374746
4002374750
4002374754
4002375421
4002375670
4002375687
4002377105
4002377437
4002377466
4002378619
4002378730
4002379640
4002379651
