3000821580
4000728369
4000824138
4001100565
4001264485
4001293211
4001330177
4001333716
4001349898
4001349899
4001427214
4001427215
4001535060
4001598094
4001624925
4001653840
4001655415
4001668544
4001701139
4001701728
4001753123
4001756942
4001781276
4001783359
4001783361
4001783386
4001787013
4001789343
4001790030
4001792072
4001792073
4001792074
4001799220
4001807268
4001808526
4001810409
4001820344
4001821704
4001834672
4001844074
4001847968
4001851647
4001864739
4001865629
4001865858
4001865861
4001876814
4001883866
4001897303
4001899389
4001914269
4001916775
4001918842
4001919320
4001922692
4001922695
4001928972
4001933141
4001941898
4001943620
4001945364
4001946170
4001957704
4001962028
4001962223
4001963873
4001964197
4001965474
4001968167
4001974870
4001976789
4001978238
4001979791
4001983262
4001988366
4001989515
4001989516
4001993941
4001995394
4001997863
4001998448
4001999353
4001999354
4001999708
4002000663
4002002301
4002002622
4002004960
4002005014
4002006054
4002006945
4002008914
4002011092
4002018266
4002018280
4002018754
4002020280
4002022069
4002022120
4002023599
4002024743
4002025424
4002025425
4002027244
4002028555
4002030682
4002037731
4002038440
4002038652
4002038956
4002039255
4002039811
4002042384
4002042598
4002043029
4002045423
4002046338
4002049049
4002054829
4002061469
4002061671
4002061815
4002062720
4002063063
4002064250
4002064487
4002065189
4002068997
4002070846
4002070883
4002071290
4002073119
4002074042
4002074822
4002074856
4002076557
4002076558
4002077348
4002077987
4002079012
4002081541
4002085001
4002085404
4002088721
4002090135
4002090836
4002092086
4002092229
4002092862
4002095746
4002095747
4002100516
4002102776
4002110038
4002111648
4002111775
4002114472
4002114820
4002120200
4002126565
4002127750
4002128164
4002128844
4002129929
4002129934
4002131963
4002132579
4002134586
4002134587
4002135056
4002136097
4002136221
4002137020
4002138213
4002138877
4002139447
4002145472
4002147299
4002148417
4002148422
4002149185
4002150126
4002151340
4002152683
4002153116
4002153121
4002153122
4002153328
4002153515
4002155694
4002156189
4002158208
4002159533
4002160881
4002160882
4002165389
4002166071
4002166099
4002166276
4002168094
4002168952
4002168953
4002169034
4002169380
4002170001
4002170291
4002170469
4002171772
4002172885
4002173456
4002173611
4002174561
4002176690
4002176693
4002176694
4002179465
4002179685
4002180452
4002182708
4002183822
4002184829
4002185626
4002187377
4002188572
4002189576
4002189729
4002189844
4002190241
4002190872
4002191123
4002191152
4002191153
4002191160
4002191161
4002195182
4002195794
4002196612
4002197943
4002198685
4002199614
4002200224
4002200225
4002203232
4002203233
4002204383
4002209282
4002210683
4002212022
4002212995
4002213420
4002214015
4002214574
4002214638
4002216360
4002216533
4002217487
4002217490
4002217514
4002217662
4002219535
4002219645
4002221868
4002222262
4002222820
4002223210
4002223413
4002224776
4002229093
4002229716
4002230475
4002231055
4002231321
4002232370
4002232801
4002233477
4002235817
4002235836
4002236555
4002237031
4002237061
4002238408
4002238501
4002239067
4002239251
4002240529
4002240741
4002241181
4002241428
4002241615
4002241806
4002245288
4002245496
4002245736
4002245738
4002246637
4002247322
4002247365
4002247477
4002248053
4002248585
4002248593
4002248656
4002249407
4002249556
4002249657
4002249849
4002250794
4002251177
4002252738
4002252897
4002253788
4002254011
4002254041
4002254052
4002254261
4002255987
4002256349
4002257775
4002259411
4002259588
4002259687
4002260136
4002261174
4002262227
4002262817
4002262947
4002265308
4002265981
4002266053
4002267041
4002267042
4002267121
4002267225
4002267302
4002267486
4002268167
4002268309
4002268351
4002269098
4002269144
4002269465
4002270306
4002270906
4002270959
4002271507
4002271554
4002271708
4002272230
4002273583
4002273715
4002273740
4002273741
4002273742
4002273815
4002273884
4002273956
4002274206
4002274499
4002274504
4002274760
4002274767
4002274768
4002274769
4002274770
4002274903
4002274905
4002275221
4002275673
4002275775
4002276068
4002278077
4002278127
4002278255
4002278445
4002278941
4002279253
4002279257
4002280582
4002285158
4002285357
4002286276
4002287302
4002287304
4002287568
4002288074
4002288332
4002288459
4002288618
4002290633
4002291358
4002291505
4002291669
4002291826
4002292043
4002292110
4002292316
4002292318
4002292322
4002292512
4002292670
4002292675
4002293663
4002293670
4002294503
4002294772
4002295458
4002295566
4002296357
4002297093
4002297850
4002301668
4002301696
4002302021
4002302593
4002302594
4002302595
4002302596
4002303167
4002303540
4002303643
4002303688
4002304597
4002304646
4002304835
4002304836
4002304937
4002305039
4002305458
4002305612
4002305721
4002305828
4002305830
4002305833
4002305980
4002306647
4002307906
4002308063
4002308095
4002308570
4002308691
4002310117
4002310172
4002310442
4002310535
4002310856
4002311181
4002311301
4002311591
4002311614
4002311993
4002312363
4002312566
4002312828
4002313019
4002313486
4002313724
4002313751
4002313928
4002314335
4002314361
4002314377
4002314745
4002314790
4002315293
4002315381
4002315688
4002315874
4002316028
4002317111
4002318228
4002319019
4002319289
4002319445
4002319798
4002319805
4002319833
4002319851
4002320025
4002320026
4002320212
4002320214
4002320230
4002320554
4002321005
4002321440
4002321533
4002321767
4002322220
4002322557
4002322586
4002322699
4002322761
4002323361
4002323847
4002324121
4002324126
4002324492
4002324627
4002324635
4002325337
4002325453
4002325559
4002325888
4002325921
4002326210
4002326228
4002326269
4002327094
4002327126
4002327153
4002327408
4002327410
4002327509
4002327623
4002328453
4002328529
4002328559
4002328635
4002328969
4002329038
4002329387
4002329388
4002329389
4002329551
4002329642
4002329760
4002330060
4002330143
4002330145
4002330176
4002330279
4002330340
4002330451
4002330622
4002330865
4002330880
4002330900
4002331599
4002331641
4002331803
4002332164
4002333122
4002333123
4002333173
4002333174
4002333175
4002333182
4002333373
4002333548
4002333585
4002333605
4002333984
4002334011
4002334029
4002334082
4002334173
4002334677
4002334825
4002335023
4002335201
4002335203
4002335275
4002335542
4002335622
4002336338
4002337299
4002338652
4002339045
4002339144
4002339242
4002339294
4002339565
4002339607
4002339630
4002339820
4002340023
4002340144
4002340181
4002340306
4002340368
4002340732
4002340848
4002341106
4002341218
4002341219
4002341225
4002341255
4002341396
4002341654
4002341809
4002341820
4002341845
4002341969
4002341970
4002341971
4002341972
4002342466
4002342473
4002342565
4002342715
4002342889
4002343000
4002343096
4002343127
4002343131
4002343133
4002343145
4002343146
4002343147
4002343148
4002343151
4002343170
4002343175
4002343178
4002343179
4002343187
4002343194
4002343195
4002343196
4002343420
4002343588
4002343656
4002343958
4002344127
4002344163
4002344209
4002344234
4002344258
4002344395
4002344525
4002344529
4002344595
4002344674
4002344731
4002344732
4002344813
4002344816
4002344817
4002345236
4002345435
4002345458
4002345459
4002345842
4002346168
4002346182
4002346277
4002346462
4002346495
4002346501
4002346506
4002346515
4002346516
4002346527
4002346538
4002346613
4002346614
4002346618
4002346638
4002346700
4002346701
4002346832
4002346870
4002346871
4002346872
4002347294
4002347343
4002347502
4002347510
4002347552
4002347679
4002347772
4002347789
4002347790
4002347791
4002347879
4002347895
4002347978
4002347992
4002348433
4002348506
4002348713
4002348752
4002348753
4002348866
4002348937
4002348938
4002349397
4002349650
4002349899
4002349990
4002350252
4002350253
4002350774
4002350808
4002350955
4002351168
4002351216
4002351223
4002351246
4002351367
4002351420
4002351479
4002351534
4002351535
4002351537
4002351538
4002352717
4002352829
4002353102
4002353164
4002353189
4002353491
4002353617
4002353670
4002354004
4002354055
4002354241
4002354413
4002354414
4002354464
4002354489
4002354491
4002355346
4002355567
4002355568
4002355569
4002355570
4002355571
4002355572
4002355776
4002356204
4002357213
4002357374
4002357412
4002357907
4002357986
4002359002
4002359045
4002359071
4002359978
4002359980
4002360062
4002360063
4002360118
4002360277
4002360538
4002360539
4002360740
4002361056
4002361057
4002361062
4002361371
4002361373
4002361375
4002361379
4002361443
4002361496
4002361531
4002361689
4002361923
4002363230
4002363520
4002363813
4002363901
4002363902
4002364125
4002364264
4002364830
4002364952
4002365058
4002365177
4002365463
4002366071
4002366755
4002366929
4002367027
4002367104
4002367242
4002367371
4002367460
4002367476
4002367872
4002367875
4002368105
4002368322
4002368389
4002368407
4002368678
4002368690
4002368693
4002368694
4002369080
4002369420
4002369489
4002369731
4002369851
4002370077
4002370357
4002370363
4002370405
4002370546
4002370576
4002370580
4002370653
4002370812
4002370917
4002371157
4002371194
4002371212
4002371259
4002371300
4002371302
4002371346
4002371681
4002371682
4002371904
4002371907
4002371908
4002371911
4002371912
4002372031
4002372737
4002373003
4002373005
4002373071
4002373086
4002373416
4002373675
4002373897
4002373949
4002373953
4002373988
4002374017
4002374073
4002374085
4002374125
4002374140
4002374160
4002374162
4002374163
4002374164
4002374316
4002374360
4002374513
4002374529
4002374533
4002375172
4002375174
4002375177
4002375178
4002375180
4002375182
4002375183
4002375184
4002375269
4002375561
4002375601
4002375610
4002375623
4002375654
4002375663
4002375668
4002375827
4002375829
4002375831
4002375832
4002375834
4002375836
4002375837
4002375838
4002375840
4002375842
4002375844
4002375845
4002375847
4002375849
4002375850
4002375851
4002375853
4002375855
4002375857
4002375858
4002375860
4002375861
4002375864
4002375865
4002375866
4002375868
4002375869
4002375872
4002375873
4002375874
4002375877
4002375879
4002375880
4002375882
4002375883
4002375884
4002375885
4002375886
4002375887
4002375889
4002375892
4002375897
4002375899
4002375904
4002375907
4002375911
4002375912
4002375916
4002375918
4002375924
4002375926
4002375929
4002375931
4002375932
4002375934
4002375937
4002375947
4002375949
4002375951
4002375952
4002375954
4002375956
4002375957
4002375958
4002375961
4002375962
4002375965
4002375966
4002375969
4002375970
4002375971
4002375973
4002375974
4002375977
4002375978
4002375980
4002375981
4002375982
4002375983
4002375985
4002375996
4002375998
4002376000
4002376001
4002376003
4002376005
4002376006
4002376007
4002376008
4002376011
4002376014
4002376016
4002376018
4002376020
4002376021
4002376022
4002376029
4002376031
4002376033
4002376034
4002376036
4002376038
4002376039
4002376040
4002376044
4002376049
4002376051
4002376053
4002376055
4002376056
4002376058
4002376060
4002376061
4002376062
4002376072
4002376074
4002376076
4002376077
4002376079
4002376081
4002376082
4002376083
4002376238
4002376270
4002376323
4002376346
4002376427
4002376793
4002376794
4002376976
4002377953
4002379127
4002379648
4002379737
4002379838
4002380037
4002380070
4002380149
