3002697949
3003134794
3003135915
3003328660
4000741525
4000802645
4000802648
4001012135
4001284512
4001337976
4001400773
4001442450
4001450264
4001467830
4001484929
4001496117
4001510320
4001585637
4001587542
4001608309
4001636111
4001636114
4001637083
4001668678
4001669066
4001669281
4001670394
4001686259
4001731280
4001743104
4001749454
4001749533
4001763260
4001770886
4001792926
4001800298
4001800364
4001806536
4001817408
4001823979
4001834825
4001834826
4001836077
4001837597
4001838585
4001847302
4001847547
4001850958
4001851956
4001852220
4001860243
4001868849
4001868857
4001868868
4001874800
4001875372
4001878700
4001880161
4001883817
4001885920
4001886524
4001889182
4001895897
4001900156
4001901217
4001902787
4001905646
4001908740
4001913523
4001913532
4001913559
4001914219
4001914878
4001917571
4001917585
4001920275
4001923855
4001930495
4001931425
4001937026
4001938530
4001940938
4001940994
4001948170
4001949087
4001954986
4001957757
4001962032
4001963811
4001967531
4001978094
4001979021
4001984334
4001996601
4001997051
4001997461
4002000456
4002002387
4002002388
4002002472
4002004099
4002005716
4002007135
4002007136
4002007619
4002010471
4002017551
4002024955
4002025350
4002025792
4002034060
4002037777
4002040335
4002040349
4002041836
4002042528
4002044550
4002049781
4002050752
4002051346
4002052731
4002054434
4002061592
4002063220
4002064376
4002068548
4002069205
4002070383
4002070469
4002073650
4002073836
4002077385
4002081485
4002085934
4002086522
4002086616
4002086846
4002089487
4002089488
4002090012
4002090087
4002090369
4002091589
4002092322
4002093053
4002094688
4002094696
4002096091
4002096241
4002096855
4002099871
4002104748
4002107365
4002107366
4002107482
4002110016
4002110017
4002111601
4002113585
4002114048
4002116364
4002117625
4002120488
4002125651
4002127623
4002129899
4002129910
4002129914
4002129920
4002130103
4002131179
4002131624
4002132584
4002133463
4002133475
4002133844
4002134844
4002135010
4002135265
4002135969
4002135980
4002138196
4002138579
4002138580
4002138590
4002138591
4002138592
4002138609
4002139115
4002139509
4002140927
4002145721
4002148634
4002149317
4002149484
4002151290
4002152032
4002152187
4002152512
4002153250
4002153489
4002153858
4002154375
4002154376
4002155577
4002157297
4002158231
4002159468
4002159739
4002160972
4002161746
4002163011
4002163321
4002163323
4002163999
4002165039
4002167115
4002168064
4002168067
4002168068
4002168069
4002168470
4002169041
4002169244
4002170162
4002171245
4002171246
4002171418
4002171870
4002172107
4002172470
4002173609
4002173629
4002177177
4002177353
4002178772
4002178775
4002179303
4002181397
4002187687
4002187693
4002189950
4002191627
4002191642
4002192079
4002194708
4002194912
4002195163
4002195752
4002196233
4002196254
4002196256
4002196296
4002196677
4002198257
4002199108
4002199227
4002199308
4002200598
4002203338
4002203991
4002204399
4002208416
4002209587
4002209834
4002211088
4002211105
4002211650
4002211696
4002212020
4002212091
4002213002
4002213126
4002213207
4002213302
4002213330
4002213945
4002213947
4002214244
4002214352
4002215578
4002215862
4002216189
4002216681
4002217880
4002220794
4002222466
4002223424
4002223537
4002224194
4002224280
4002224634
4002226094
4002229297
4002229330
4002230216
4002231076
4002232802
4002233535
4002233963
4002234252
4002234253
4002234256
4002234259
4002234280
4002235838
4002236157
4002236870
4002238058
4002238093
4002239852
4002241825
4002242559
4002245571
4002245581
4002245589
4002247847
4002248702
4002249304
4002249616
4002249624
4002249787
4002250005
4002250175
4002250701
4002250866
4002250871
4002250932
4002251338
4002251339
4002251746
4002253170
4002254359
4002254659
4002254923
4002254924
4002255498
4002256882
4002257108
4002257257
4002257487
4002257539
4002257615
4002257757
4002257788
4002257797
4002257798
4002257926
4002258242
4002258245
4002259534
4002260294
4002267286
4002267756
4002268205
4002268878
4002268880
4002269063
4002269313
4002269590
4002270856
4002270858
4002270902
4002271508
4002272183
4002272212
4002272399
4002272664
4002272665
4002272666
4002272670
4002272673
4002272716
4002273297
4002273311
4002273339
4002273619
4002273699
4002273738
4002275036
4002275653
4002276794
4002277695
4002277871
4002277995
4002278555
4002278940
4002279023
4002279323
4002284685
4002284986
4002285150
4002285225
4002285257
4002285388
4002285752
4002286094
4002286395
4002286455
4002287112
4002287298
4002287299
4002287301
4002287417
4002287623
4002288447
4002289224
4002289277
4002289342
4002289783
4002289917
4002290032
4002290154
4002290535
4002290549
4002290615
4002290643
4002290807
4002290869
4002291434
4002291563
4002293815
4002294059
4002294122
4002294205
4002294262
4002294425
4002294743
4002294744
4002294765
4002295211
4002295658
4002295659
4002296260
4002296261
4002296297
4002296467
4002297086
4002297827
4002298078
4002298320
4002298335
4002301466
4002301598
4002301695
4002301795
4002301835
4002301968
4002302483
4002302498
4002302654
4002302671
4002303594
4002303595
4002303685
4002303819
4002303835
4002304100
4002304128
4002304135
4002304138
4002304139
4002304229
4002304639
4002304806
4002304964
4002305030
4002305031
4002305046
4002305082
4002305238
4002305446
4002305803
4002305807
4002305844
4002305951
4002305954
4002305955
4002305956
4002305975
4002306035
4002306102
4002306104
4002306289
4002306409
4002306411
4002306412
4002306431
4002306438
4002306655
4002306676
4002306679
4002306685
4002306762
4002306848
4002307290
4002308363
4002308727
4002309133
4002309531
4002309543
4002309580
4002310154
4002310173
4002310212
4002310253
4002310293
4002311157
4002311260
4002311269
4002311359
4002311668
4002311674
4002311745
4002311804
4002312127
4002312358
4002312520
4002313097
4002313414
4002313489
4002313730
4002313750
4002313891
4002314015
4002314045
4002314060
4002314070
4002314374
4002314506
4002314507
4002314679
4002314904
4002315161
4002315198
4002315390
4002315391
4002315392
4002315393
4002315676
4002316462
4002318232
4002318487
4002318541
4002319108
4002319433
4002319913
4002320044
4002320162
4002320205
4002320231
4002320412
4002320588
4002321777
4002321863
4002322531
4002322820
4002322858
4002322859
4002323115
4002323140
4002323240
4002323556
4002323557
4002323730
4002324063
4002324072
4002324124
4002324300
4002324362
4002324380
4002324606
4002325638
4002325659
4002325782
4002325901
4002325926
4002326058
4002326187
4002327042
4002327044
4002327086
4002327127
4002327145
4002327174
4002327533
4002327636
4002327780
4002328408
4002328411
4002328500
4002328598
4002328629
4002328630
4002328685
4002329009
4002329017
4002329023
4002329032
4002329045
4002329839
4002330418
4002330486
4002330728
4002330738
4002330860
4002330908
4002330945
4002331200
4002331306
4002331357
4002331551
4002331604
4002331607
4002331609
4002331796
4002331860
4002331909
4002331973
4002332007
4002332060
4002332079
4002332081
4002332155
4002332272
4002332626
4002333142
4002333327
4002333350
4002333352
4002333354
4002333355
4002333445
4002333545
4002333676
4002333681
4002333744
4002333818
4002333838
4002334211
4002334819
4002334832
4002334840
4002334930
4002335071
4002335083
4002335089
4002335109
4002335184
4002335199
4002335240
4002335271
4002335413
4002335561
4002335791
4002335792
4002335795
4002336156
4002336157
4002336270
4002336326
4002336590
4002337217
4002337225
4002337229
4002337232
4002338636
4002339052
4002339053
4002339066
4002339077
4002339085
4002339092
4002339094
4002339097
4002339114
4002339116
4002339522
4002339564
4002339605
4002340006
4002340015
4002340038
4002340293
4002340331
4002340366
4002340385
4002341173
4002341203
4002341204
4002341217
4002341247
4002341501
4002341502
4002341570
4002341577
4002341682
4002341705
4002341732
4002342176
4002342202
4002342204
4002342205
4002342207
4002342467
4002342474
4002342492
4002342548
4002342663
4002342771
4002342908
4002342912
4002342942
4002343165
4002343193
4002343198
4002343210
4002343253
4002343258
4002343299
4002343308
4002343459
4002343631
4002343774
4002343867
4002344194
4002344212
4002344221
4002344392
4002344461
4002344532
4002344541
4002344596
4002344639
4002344648
4002344657
4002344897
4002345014
4002345061
4002345150
4002345974
4002346096
4002346128
4002346140
4002346163
4002346193
4002346233
4002346539
4002346627
4002346721
4002347389
4002347463
4002347626
4002347630
4002347637
4002347641
4002347672
4002347788
4002347793
4002347837
4002347926
4002347972
4002348057
4002348489
4002348491
4002348492
4002348996
4002349011
4002349308
4002349343
4002349416
4002349530
4002349812
4002349981
4002349987
4002350072
4002350132
4002350197
4002350208
4002350216
4002350217
4002350220
4002350250
4002350935
4002351317
4002351320
4002351599
4002352243
4002352336
4002352423
4002352723
4002352773
4002353118
4002353229
4002353421
4002353434
4002353488
4002353760
4002353923
4002354365
4002354377
4002355385
4002355802
4002356295
4002356459
4002357909
4002358731
4002358862
4002358863
4002359066
4002359662
4002359748
4002359879
4002359880
4002359884
4002359925
4002360165
4002360176
4002360240
4002360291
4002360297
4002360479
4002360481
4002360482
4002360536
4002360691
4002361096
4002361509
4002361645
4002361646
4002361715
4002361765
4002361877
4002361996
4002362070
4002362143
4002362511
4002362523
4002362524
4002362531
4002363040
4002363099
4002363157
4002363168
4002363204
4002363489
4002363635
4002363701
4002363740
4002363946
4002364027
4002364042
4002364059
4002364072
4002364230
4002364332
4002364439
4002364714
4002364748
4002364825
4002364852
4002364853
4002364854
4002364874
4002364878
4002365070
4002365430
4002365433
4002365810
4002366669
4002366670
4002366756
4002366773
4002366954
4002367008
4002367024
4002367042
4002367086
4002367098
4002367132
4002367285
4002367325
4002367505
4002367527
4002367576
4002367582
4002367785
4002367941
4002367980
4002367981
4002368004
4002368008
4002368385
4002368512
4002368594
4002368595
4002368653
4002368722
4002368810
4002368877
4002368878
4002368970
4002369061
4002369095
4002369106
4002369424
4002369520
4002369658
4002369874
4002369886
4002369911
4002369919
4002370073
4002370168
4002370287
4002370471
4002370512
4002370655
4002370657
4002370782
4002370799
4002370833
4002370836
4002371173
4002371174
4002371185
4002371186
4002371226
4002371280
4002371353
4002371472
4002371528
4002371532
4002371559
4002372026
4002372111
4002372320
4002372330
4002372375
4002373054
4002373277
4002373351
4002373352
4002373363
4002373412
4002373415
4002373528
4002373561
4002373591
4002373594
4002373641
4002374007
4002374016
4002374074
4002374216
4002374355
4002374362
4002374422
4002374466
4002374538
4002374570
4002374853
4002375162
4002375197
4002375256
4002375538
4002375636
4002375777
4002375781
4002375935
4002375940
4002375942
4002376177
4002376202
4002376208
4002376248
4002376396
4002376748
4002376780
4002376798
4002377052
4002377055
4002377057
4002378465
4002378467
4002378513
4002379158
4002379478
4002379504
4002379618
4002379666
4002379789
4002379999
4002380005
4002380047
4002380106
4002380168
4002380223
4002380263
4002380304
