3000485250
3002715275
4000708738
4000939381
4001020026
4001092631
4001349554
4001543499
4001565743
4001596159
4001624397
4001653769
4001688799
4001712535
4001730200
4001744943
4001761110
4001783318
4001786289
4001787073
4001799704
4001809246
4001818750
4001857355
4001859422
4001867453
4001883013
4001884415
4001884416
4001919304
4001923828
4001924784
4001927172
4001945754
4001946487
4001947534
4001947535
4001950385
4001956031
4001957082
4001958909
4001961301
4001963564
4001967635
4001975771
4001975984
4001976806
4001992094
4001999692
4002004961
4002007600
4002007601
4002009644
4002023100
4002024185
4002024905
4002024961
4002025782
4002026368
4002028601
4002041161
4002047107
4002050033
4002051339
4002055567
4002064355
4002070335
4002070859
4002071612
4002072703
4002073086
4002074516
4002076366
4002076512
4002076714
4002083820
4002085471
4002088209
4002092374
4002094315
4002094323
4002094327
4002094333
4002097871
4002100952
4002106579
4002112649
4002114277
4002114278
4002118026
4002121631
4002129943
4002132197
4002132549
4002134868
4002135335
4002135399
4002135507
4002135573
4002139980
4002140086
4002140913
4002143480
4002145439
4002146330
4002146432
4002151364
4002151918
4002157622
4002157692
4002157697
4002163318
4002165596
4002166935
4002170313
4002170623
4002171822
4002172353
4002172413
4002173958
4002178529
4002182542
4002182544
4002182546
4002185678
4002186417
4002186418
4002186419
4002186420
4002187040
4002189139
4002189720
4002189721
4002190894
4002190915
4002190916
4002190918
4002191105
4002191133
4002191300
4002191643
4002196993
4002198250
4002198637
4002198659
4002198664
4002199538
4002200231
4002202437
4002202927
4002204702
4002208714
4002208752
4002209096
4002209177
4002212752
4002213055
4002213573
4002214747
4002216153
4002216418
4002217844
4002218092
4002220329
4002223581
4002223966
4002224650
4002224798
4002226110
4002226404
4002227326
4002227466
4002228850
4002229236
4002229639
4002229751
4002229762
4002230972
4002232204
4002232358
4002232960
4002232968
4002233098
4002233210
4002233958
4002234258
4002234826
4002236470
4002237545
4002237546
4002237547
4002238832
4002245147
4002245156
4002245585
4002246264
4002247178
4002249342
4002250254
4002250255
4002253058
4002253370
4002254370
4002254506
4002254641
4002256261
4002257028
4002257259
4002257444
4002257508
4002257795
4002257830
4002257961
4002259014
4002261783
4002262455
4002264819
4002264822
4002266025
4002266029
4002266079
4002266245
4002266986
4002267092
4002268427
4002268483
4002268502
4002269583
4002269640
4002270206
4002270612
4002270631
4002270639
4002270641
4002270789
4002270866
4002270969
4002271618
4002271623
4002271648
4002271672
4002271745
4002272099
4002272101
4002272102
4002272104
4002272119
4002272127
4002274141
4002274187
4002274259
4002274310
4002274357
4002275239
4002275264
4002275310
4002275325
4002275717
4002275719
4002276069
4002276300
4002276777
4002277860
4002278354
4002278527
4002278548
4002279019
4002279286
4002280879
4002280893
4002280934
4002284005
4002284158
4002285113
4002285420
4002285444
4002285749
4002286495
4002286581
4002287850
4002287890
4002287894
4002288004
4002288502
4002288959
4002289519
4002289916
4002290781
4002290810
4002290917
4002291734
4002292080
4002292589
4002293666
4002293906
4002294077
4002294235
4002294351
4002294358
4002294837
4002294857
4002295159
4002295218
4002295287
4002295454
4002295466
4002295654
4002296387
4002296880
4002297328
4002297914
4002298314
4002299346
4002302038
4002302346
4002302474
4002302542
4002302749
4002302803
4002302851
4002302895
4002302901
4002303466
4002303608
4002303654
4002304127
4002305063
4002305403
4002305737
4002306328
4002306336
4002306352
4002306814
4002308390
4002308477
4002308938
4002309221
4002310578
4002310594
4002311145
4002311149
4002311224
4002311249
4002311564
4002311617
4002311869
4002311905
4002311918
4002312046
4002312217
4002312334
4002312848
4002312870
4002312945
4002313886
4002314561
4002314744
4002315349
4002315354
4002315376
4002315378
4002315511
4002317092
4002317318
4002317704
4002318053
4002319475
4002319743
4002319756
4002319757
4002319758
4002319759
4002319761
4002319763
4002319764
4002320161
4002320793
4002320920
4002320988
4002321010
4002321100
4002322544
4002322731
4002322861
4002322888
4002322944
4002322951
4002323343
4002323375
4002323480
4002323601
4002323729
4002323745
4002323926
4002324160
4002324162
4002324258
4002324281
4002324358
4002324403
4002324444
4002324599
4002324604
4002325283
4002325380
4002325679
4002325680
4002325681
4002325754
4002325953
4002326060
4002326215
4002326241
4002326422
4002326519
4002326536
4002326549
4002326774
4002328077
4002328317
4002328519
4002328720
4002329028
4002329237
4002329837
4002329944
4002330127
4002330204
4002330255
4002330417
4002330566
4002330616
4002330711
4002330922
4002331005
4002331261
4002331597
4002331626
4002332005
4002332149
4002332156
4002332351
4002332841
4002333353
4002333544
4002333988
4002334335
4002334387
4002334898
4002335091
4002335104
4002335125
4002335202
4002335264
4002335293
4002335339
4002335560
4002336530
4002336703
4002336898
4002337223
4002338089
4002338109
4002338301
4002338638
4002338649
4002339102
4002339104
4002339117
4002339784
4002339836
4002339843
4002339882
4002340307
4002340530
4002340552
4002340561
4002340567
4002340782
4002340831
4002341500
4002341565
4002341566
4002341569
4002341578
4002341583
4002342458
4002342459
4002342602
4002342903
4002342909
4002343103
4002343192
4002343213
4002343238
4002343316
4002343505
4002343634
4002343853
4002343922
4002343940
4002343975
4002344018
4002344213
4002344214
4002344242
4002344327
4002344528
4002344538
4002345000
4002345002
4002345004
4002345125
4002345417
4002345480
4002345951
4002345999
4002346392
4002346661
4002346670
4002346834
4002346847
4002346861
4002346877
4002346908
4002346954
4002346955
4002346961
4002347331
4002347390
4002347400
4002347509
4002348050
4002348070
4002348155
4002348171
4002348848
4002348944
4002348977
4002349008
4002349079
4002349327
4002349460
4002349841
4002349929
4002349957
4002349971
4002350034
4002350195
4002350213
4002350349
4002350416
4002350435
4002350439
4002350448
4002350452
4002350568
4002350624
4002350711
4002351136
4002352165
4002352181
4002352185
4002352189
4002352751
4002353190
4002353324
4002353732
4002353886
4002354044
4002354072
4002354347
4002354449
4002355381
4002355561
4002355584
4002356839
4002356857
4002356858
4002356860
4002356871
4002357388
4002358784
4002359375
4002359377
4002359392
4002359404
4002359481
4002359494
4002359496
4002359529
4002359725
4002360200
4002360580
4002360620
4002360671
4002360778
4002360831
4002360846
4002360854
4002360858
4002361072
4002361321
4002361335
4002361411
4002361413
4002361456
4002361679
4002361818
4002361891
4002361909
4002362513
4002362538
4002363124
4002363165
4002363166
4002363213
4002363580
4002363625
4002363867
4002363914
4002364240
4002364323
4002364346
4002364452
4002364468
4002364484
4002364485
4002364490
4002364678
4002364804
4002364805
4002364948
4002365048
4002365431
4002365434
4002366861
4002367071
4002367083
4002367133
4002367162
4002367271
4002367343
4002367491
4002367539
4002367547
4002367573
4002367772
4002367850
4002367863
4002367866
4002368121
4002368281
4002368654
4002368660
4002368675
4002368771
4002368823
4002368989
4002369096
4002369122
4002369429
4002369592
4002369596
4002369703
4002369781
4002369804
4002370069
4002370076
4002370104
4002370131
4002370140
4002370544
4002370964
4002370982
4002371281
4002371296
4002371298
4002371607
4002371611
4002371620
4002371627
4002371703
4002371968
4002372035
4002372378
4002372400
4002372723
4002373392
4002373408
4002373773
4002373817
4002373818
4002374092
4002374134
4002374208
4002374348
4002374439
4002374519
4002374661
4002374760
4002375123
4002375198
4002375306
4002375346
4002375938
4002375984
4002375989
4002375991
4002376205
4002376252
4002376264
4002376269
4002376379
4002376387
4002376390
4002376395
4002376398
4002376402
4002376403
4002376404
4002376407
4002376950
4002377068
4002377252
4002377333
4002377645
4002377650
4002378574
4002378577
4002378589
4002378611
4002379552
4002379580
4002379642
4002379709
4002379826
4002380002
4002380051
4002380062
4002380069
