109557177
109559147
109559241
109559317
3001945696
3001945724
3002580124
3003050080
3003136795
3003138579
3003221874
3003221876
3003324284
3003522316
4000121741
4000203702
4000237339
4000276014
4000355858
4000405379
4000412834
4000454917
4000488954
4000611086
4000705769
4000726956
4000798476
4000798490
4000799636
4000838387
4000843983
4000886225
4000948012
4000966113
4000969467
4001022019
4001022020
4001074751
4001089419
4001114267
4001114284
4001114300
4001126004
4001131845
4001140230
4001158052
4001167066
4001193266
4001194334
4001232560
4001241432
4001252485
4001261733
4001262142
4001280673
4001280943
4001299417
4001336103
4001349642
4001350142
4001354404
4001386970
4001401555
4001402725
4001433655
4001440736
4001442139
4001445815
4001449513
4001449534
4001450633
4001450697
4001450755
4001450771
4001463213
4001508291
4001508421
4001508422
4001508940
4001509152
4001512277
4001513240
4001520240
4001526245
4001527291
4001532676
4001532686
4001532689
4001532706
4001532708
4001532712
4001539726
4001557853
4001557854
4001557855
4001557856
4001557857
4001557859
4001558283
4001576247
4001576260
4001576261
4001583393
4001593816
4001595073
4001603368
4001607229
4001607239
4001610502
4001613670
4001613671
4001614193
4001625559
4001635900
4001641127
4001642056
4001668412
4001668529
4001668530
4001668734
4001669010
4001669229
4001670332
4001696409
4001709140
4001710404
4001713452
4001714208
4001714286
4001722373
4001724492
4001732121
4001732426
4001741553
4001744063
4001750342
4001751599
4001756953
4001760800
4001761927
4001762406
4001764049
4001764056
4001789387
4001793303
4001795878
4001795879
4001821886
4001829496
4001831807
4001831832
4001837441
4001857876
4001857882
4001862435
4001863491
4001866498
4001869916
4001875489
4001877090
4001878268
4001881011
4001881455
4001883476
4001884403
4001886349
4001888252
4001889609
4001889610
4001889648
4001889649
4001889688
4001896348
4001903248
4001903324
4001903325
4001904292
4001904514
4001906714
4001906929
4001921501
4001922060
4001922061
4001922062
4001922063
4001923361
4001923383
4001923430
4001923467
4001925613
4001925637
4001925889
4001927958
4001932030
4001937020
4001937058
4001937402
4001937623
4001938775
4001938980
4001940870
4001940918
4001942447
4001942607
4001944657
4001945575
4001953136
4001953346
4001953347
4001958085
4001958092
4001959564
4001959732
4001959932
4001960086
4001960114
4001960330
4001963591
4001963592
4001964110
4001970886
4001971428
4001971661
4001971773
4001974173
4001976816
4001979018
4001980137
4001980280
4001981117
4001981333
4001981817
4001983874
4001985978
4001988213
4001989554
4001989556
4001999934
4002000617
4002000659
4002000725
4002001899
4002002213
4002003200
4002004157
4002004667
4002004943
4002005578
4002006916
4002008743
4002010205
4002012677
4002017293
4002018345
4002019926
4002022893
4002028407
4002028630
4002028912
4002028913
4002029605
4002032686
4002038669
4002038670
4002039431
4002042706
4002046131
4002046163
4002046167
4002046169
4002046171
4002047940
4002050158
4002051398
4002053907
4002055344
4002055843
4002055907
4002056329
4002056372
4002058431
4002059159
4002059179
4002059361
4002059364
4002061685
4002062018
4002064044
4002064181
4002065856
4002065857
4002065859
4002065860
4002066458
4002068017
4002068922
4002069785
4002072083
4002072858
4002074501
4002074647
4002074679
4002074831
4002075266
4002075965
4002077470
4002078884
4002079389
4002079600
4002080511
4002081238
4002081847
4002082996
4002085003
4002086380
4002088669
4002089140
4002089178
4002091038
4002093405
4002094431
4002095987
4002101605
4002102563
4002108060
4002112023
4002112024
4002112318
4002114356
4002114520
4002114576
4002114922
4002114936
4002115280
4002115905
4002115933
4002117602
4002118187
4002118494
4002118890
4002119494
4002123021
4002129361
4002131002
4002131003
4002131546
4002135360
4002135629
4002139404
4002139523
4002139956
4002146843
4002146989
4002147409
4002149076
4002149129
4002149237
4002150182
4002150207
4002150459
4002150879
4002150884
4002152356
4002152652
4002152653
4002153197
4002154351
4002154410
4002154412
4002154413
4002158238
4002158355
4002158538
4002158540
4002159713
4002159875
4002160706
4002160708
4002163358
4002164202
4002166093
4002166999
4002167097
4002167106
4002167193
4002168151
4002168904
4002169754
4002170315
4002171446
4002171799
4002171800
4002172354
4002173525
4002175290
4002176527
4002176836
4002177550
4002177972
4002178256
4002180414
4002182179
4002182773
4002184969
4002185485
4002185720
4002187110
4002187997
4002188005
4002188011
4002188023
4002188025
4002188040
4002188102
4002188114
4002188115
4002188118
4002188143
4002188152
4002188181
4002188198
4002188212
4002188294
4002189694
4002190910
4002190912
4002191005
4002191668
4002191669
4002191672
4002191673
4002191674
4002191964
4002194128
4002194256
4002194980
4002196354
4002196898
4002196900
4002197952
4002199181
4002200260
4002200306
4002200307
4002202374
4002202406
4002202885
4002202886
4002203219
4002204350
4002204374
4002204731
4002205011
4002205336
4002208477
4002210333
4002210645
4002210810
4002210899
4002215025
4002215026
4002216033
4002216845
4002216981
4002217302
4002217370
4002217388
4002217792
4002218039
4002218705
4002221346
4002221439
4002221440
4002221441
4002221714
4002221913
4002222098
4002222709
4002222717
4002223087
4002223089
4002224106
4002224995
4002229268
4002230328
4002230467
4002230469
4002230473
4002230712
4002231249
4002231632
4002232440
4002232524
4002234535
4002235154
4002235585
4002236520
4002236848
4002237077
4002237845
4002240583
4002242388
4002245520
4002245734
4002245758
4002245920
4002247388
4002248572
4002249361
4002249813
4002250106
4002250204
4002250872
4002250913
4002251732
4002251754
4002252010
4002252299
4002252301
4002253121
4002253256
4002253259
4002253260
4002253261
4002253274
4002254226
4002254719
4002254875
4002255507
4002256331
4002256335
4002256530
4002256535
4002256676
4002257868
4002259669
4002259686
4002259830
4002261624
4002262344
4002262345
4002262511
4002262513
4002264637
4002264638
4002267267
4002267819
4002268684
4002268697
4002268713
4002269061
4002269148
4002269164
4002269916
4002270097
4002270099
4002270284
4002270408
4002271068
4002271186
4002271884
4002272648
4002272649
4002272650
4002272652
4002273103
4002273104
4002273359
4002273776
4002274486
4002274868
4002275122
4002275132
4002275137
4002275736
4002275849
4002275864
4002275865
4002276440
4002276766
4002276809
4002276810
4002277503
4002277828
4002277990
4002277994
4002278477
4002278795
4002278982
4002279084
4002279234
4002279250
4002279321
4002279373
4002279641
4002279642
4002279731
4002280625
4002282216
4002282217
4002282225
4002284194
4002284223
4002285365
4002285980
4002285982
4002286609
4002286677
4002286680
4002287676
4002287688
4002287714
4002287748
4002287755
4002287779
4002287792
4002287797
4002287798
4002287810
4002287814
4002287819
4002287823
4002287834
4002288021
4002288081
4002288152
4002288153
4002288164
4002288194
4002288496
4002289375
4002289512
4002289574
4002289982
4002290280
4002290281
4002290428
4002290435
4002290553
4002290593
4002290856
4002291120
4002291201
4002291252
4002291470
4002291643
4002291655
4002291846
4002291850
4002291933
4002291995
4002292112
4002292306
4002293228
4002293237
4002293244
4002293694
4002293695
4002293696
4002296949
4002297082
4002297329
4002298336
4002299106
4002299393
4002299939
4002302491
4002302492
4002302507
4002302540
4002302541
4002302545
4002302548
4002303277
4002303590
4002303709
4002304657
4002304658
4002305141
4002305664
4002305684
4002307261
4002307428
4002307515
4002307947
4002307952
4002308104
4002308391
4002308766
4002310110
4002310745
4002310870
4002311257
4002311345
4002311428
4002311911
4002312000
4002312392
4002312879
4002312882
4002312883
4002312884
4002312887
4002313168
4002313288
4002313471
4002313551
4002314115
4002314375
4002314606
4002314626
4002314627
4002315550
4002315656
4002316106
4002316114
4002316858
4002316859
4002318651
4002318673
4002319444
4002319446
4002320016
4002320582
4002320595
4002320835
4002321018
4002321464
4002321992
4002322088
4002322089
4002323151
4002323600
4002323903
4002323964
4002324133
4002324159
4002324366
4002324443
4002324849
4002324861
4002324869
4002324872
4002324880
4002324881
4002326492
4002327005
4002327011
4002327068
4002327669
4002327834
4002328139
4002328140
4002328240
4002328595
4002328600
4002328601
4002328608
4002328609
4002328614
4002328615
4002328616
4002328618
4002328623
4002328628
4002328633
4002328634
4002328818
4002328819
4002328824
4002328826
4002329002
4002329403
4002329761
4002329773
4002330080
4002330082
4002330206
4002330520
4002330791
4002331677
4002331679
4002331790
4002332826
4002333372
4002333729
4002333812
4002333813
4002333816
4002333870
4002333990
4002334074
4002334721
4002335074
4002335254
4002335476
4002336346
4002337630
4002337667
4002337892
4002339090
4002339212
4002339443
4002340035
4002340104
4002340115
4002340340
4002340600
4002340601
4002340822
4002340824
4002340835
4002341045
4002341071
4002341587
4002341588
4002342239
4002342530
4002342678
4002343105
4002343330
4002343589
4002344615
4002344647
4002344857
4002345178
4002345243
4002345508
4002345509
4002345524
4002345526
4002345658
4002346022
4002346024
4002346159
4002346720
4002346737
4002347394
4002347642
4002348028
4002348494
4002348531
4002348532
4002348537
4002349379
4002349430
4002349585
4002349761
4002349909
4002350168
4002351135
4002351160
4002351261
4002351594
4002351765
4002351766
4002352006
4002352380
4002352506
4002353391
4002353392
4002353544
4002354318
4002355967
4002355968
4002356096
4002356219
4002357064
4002357106
4002357459
4002357935
4002359545
4002359761
4002359783
4002359786
4002359787
4002359788
4002359789
4002360039
4002360304
4002360473
4002360605
4002360727
4002360879
4002361179
4002361313
4002361532
4002361533
4002361534
4002361657
4002361658
4002362046
4002362064
4002362104
4002362137
4002362175
4002362286
4002362516
4002362555
4002362556
4002362557
4002362558
4002362559
4002363414
4002363681
4002363731
4002363857
4002364057
4002364182
4002364441
4002364930
4002364980
4002365228
4002365364
4002365580
4002365728
4002365797
4002365798
4002365901
4002365938
4002366209
4002366394
4002366442
4002366485
4002366512
4002366538
4002367221
4002367333
4002367544
4002367797
4002367854
4002367939
4002368340
4002368648
4002368731
4002369135
4002369441
4002369442
4002369648
4002369649
4002370284
4002370316
4002370324
4002370616
4002370617
4002370618
4002370625
4002371192
4002371267
4002371339
4002372112
4002372332
4002372355
4002372998
4002373134
4002373899
4002373978
4002373979
4002373980
4002374490
4002374637
4002374638
4002374640
4002374642
4002374868
4002375230
4002375272
4002375319
4002375422
4002375526
4002376126
4002376127
4002376458
4002376500
4002376504
4002376508
4002376509
4002376517
4002376520
4002376524
4002376525
4002376529
4002376531
4002376539
4002376542
4002376546
4002376547
4002376548
4002376549
4002376554
4002376555
4002376823
4002377981
4002379142
4002379184
4002379850
4002380261
4002380299
4002380336
4002380362
