3003409555
3003409563
3003409566
4001663273
4001689335
4001792604
4001811981
4001938525
4002050953
4002131972
4002154859
4002191127
4002236413
4002246440
4002265003
4002265011
4002268399
4002276791
4002278564
4002287118
4002287902
4002292035
4002292042
4002300809
4002308356
4002308381
4002308509
4002311495
4002315345
4002317702
4002328554
4002329024
4002330935
4002335794
4002350438
4002353731
4002356853
4002360852
4002361476
4002363565
4002363572
4002363610
4002363700
4002363734
4002368651
4002369826
4002370509
4002370510
4002370511
4002371630
4002372729
4002376920
4002377230
4002377433
4002378580
4002379163
4002379190
