110338901
3000491869
3000806181
3000876153
3002118028
3002260442
3003135361
3003135539
3003136061
3003136749
3003137730
3003138222
3003138430
3003138434
3003138528
3003138772
3003139679
3003148242
3003389488
3003559063
4000100966
4000280817
4000280821
4000431548
4000538395
4000602092
4000602111
4000629748
4000638506
4000795514
4000962132
4001021519
4001062156
4001067447
4001074522
4001078935
4001078936
4001086257
4001152256
4001219482
4001227791
4001232659
4001287385
4001288348
4001292005
4001303221
4001317312
4001340812
4001347089
4001376725
4001392601
4001426687
4001431674
4001464087
4001476716
4001527762
4001527787
4001528003
4001539064
4001545329
4001558032
4001558073
4001558105
4001558123
4001588970
4001596799
4001608558
4001655572
4001661775
4001693429
4001696528
4001696716
4001697830
4001705692
4001707414
4001732898
4001741222
4001743083
4001763837
4001768382
4001779975
4001783799
4001783919
4001784645
4001790041
4001797555
4001808150
4001808152
4001808153
4001808155
4001808157
4001808158
4001808223
4001808224
4001808225
4001808226
4001808227
4001808228
4001808229
4001808435
4001808484
4001819202
4001838335
4001841517
4001847916
4001850385
4001854174
4001855978
4001860094
4001860099
4001860130
4001860238
4001860373
4001865720
4001865722
4001872566
4001880008
4001880009
4001880010
4001880012
4001880013
4001880015
4001880016
4001880020
4001880022
4001880024
4001880025
4001880026
4001880028
4001880031
4001880032
4001880034
4001880037
4001880038
4001880039
4001880040
4001880041
4001880042
4001880043
4001880044
4001880047
4001880048
4001880049
4001880050
4001880054
4001880057
4001880058
4001880059
4001880060
4001880061
4001880062
4001880063
4001880064
4001880065
4001880066
4001880067
4001880068
4001880069
4001880070
4001880071
4001880072
4001880074
4001880075
4001880078
4001883254
4001887546
4001887548
4001895543
4001901693
4001902254
4001910866
4001920931
4001921485
4001922366
4001927298
4001927864
4001928385
4001933467
4001933751
4001942458
4001963406
4001963739
4001964219
4001968846
4001969328
4001976692
4001981358
4001983955
4001984902
4001996947
4002001734
4002007670
4002018776
4002021777
4002022440
4002028197
4002028520
4002030812
4002031870
4002032982
4002034123
4002041922
4002046766
4002047674
4002050607
4002052779
4002062735
4002066339
4002068562
4002079505
4002084353
4002091231
4002093080
4002093772
4002094176
4002095662
4002095821
4002099451
4002103248
4002103511
4002103512
4002106325
4002106646
4002112145
4002115797
4002116276
4002116649
4002119584
4002127504
4002130313
4002131840
4002132194
4002132221
4002136390
4002136937
4002136939
4002136941
4002137095
4002142036
4002146589
4002147078
4002147989
4002148453
4002149241
4002150176
4002152431
4002152432
4002152740
4002152744
4002153176
4002154055
4002155179
4002156041
4002156943
4002157652
4002159864
4002160099
4002160777
4002164410
4002164840
4002167781
4002167783
4002167784
4002167785
4002171751
4002171938
4002173496
4002173497
4002174133
4002175683
4002175964
4002176371
4002176558
4002176585
4002176639
4002177055
4002181979
4002181980
4002182276
4002182701
4002183263
4002186062
4002191762
4002193526
4002193527
4002193528
4002193530
4002193531
4002193533
4002193534
4002196857
4002199127
4002200726
4002206229
4002206294
4002207424
4002207566
4002208618
4002208830
4002209251
4002211232
4002211308
4002214563
4002215457
4002216114
4002217322
4002217724
4002218078
4002218775
4002218782
4002220310
4002222943
4002223901
4002223906
4002223927
4002223930
4002223944
4002223945
4002223948
4002223951
4002223997
4002224510
4002226165
4002226456
4002226473
4002227797
4002229197
4002230043
4002230046
4002230443
4002231021
4002231207
4002233197
4002233320
4002233561
4002233597
4002234412
4002234413
4002234834
4002234925
4002236441
4002236605
4002237203
4002238488
4002238499
4002238507
4002240046
4002241523
4002242189
4002242395
4002242396
4002243025
4002243143
4002245867
4002246331
4002246532
4002246802
4002246832
4002247036
4002248080
4002249941
4002249973
4002250374
4002250483
4002251796
4002252116
4002252421
4002253966
4002254566
4002254567
4002254679
4002256345
4002256801
4002256813
4002256989
4002257090
4002257549
4002257652
4002258286
4002258370
4002259536
4002260489
4002260652
4002260674
4002260738
4002260761
4002261602
4002262236
4002262481
4002263187
4002263234
4002264245
4002264246
4002264366
4002264506
4002264548
4002264993
4002265868
4002266163
4002266191
4002266250
4002266435
4002266437
4002266491
4002266708
4002267478
4002267850
4002268493
4002268494
4002268582
4002268644
4002268669
4002268671
4002269172
4002269688
4002269757
4002269892
4002270519
4002270776
4002271755
4002271756
4002271795
4002273412
4002273415
4002273835
4002273909
4002274274
4002274730
4002274736
4002274746
4002274792
4002275351
4002275386
4002275407
4002275437
4002276145
4002277021
4002278163
4002278164
4002278711
4002278740
4002280418
4002280439
4002280873
4002281039
4002281135
4002281313
4002281583
4002282459
4002282757
4002282761
4002284134
4002284172
4002284579
4002284623
4002284775
4002285246
4002285552
4002285638
4002285831
4002285921
4002286785
4002287163
4002287404
4002287959
4002287962
4002287963
4002287965
4002287971
4002287975
4002287976
4002287977
4002287981
4002287987
4002288145
4002288935
4002289086
4002289095
4002289104
4002289113
4002289435
4002289908
4002290734
4002290849
4002290873
4002291042
4002291707
4002291988
4002292182
4002292193
4002292239
4002292268
4002292269
4002292347
4002292626
4002292654
4002292972
4002293103
4002294243
4002295012
4002295023
4002295883
4002296433
4002298344
4002298406
4002298408
4002298756
4002299101
4002299817
4002300841
4002300854
4002300889
4002300911
4002302995
4002302996
4002303542
4002304097
4002304486
4002304939
4002305726
4002306001
4002306270
4002306324
4002306465
4002306495
4002306544
4002306545
4002306908
4002307626
4002307975
4002308576
4002309400
4002309540
4002309565
4002309772
4002309773
4002309774
4002309808
4002310226
4002310816
4002310964
4002311271
4002312399
4002312492
4002312495
4002312732
4002313032
4002313600
4002313786
4002313788
4002314088
4002315522
4002315525
4002316027
4002316340
4002316341
4002317138
4002317705
4002317799
4002317836
4002317855
4002317916
4002319215
4002320071
4002320558
4002320559
4002320984
4002321028
4002321037
4002321068
4002321115
4002321145
4002321162
4002321853
4002322650
4002323310
4002323784
4002323853
4002323890
4002323920
4002323968
4002323983
4002323990
4002324081
4002324279
4002324332
4002324717
4002324744
4002324837
4002324848
4002325278
4002325330
4002325378
4002325379
4002325643
4002326806
4002326815
4002326874
4002326914
4002326937
4002326961
4002326963
4002327159
4002327252
4002327670
4002328464
4002328543
4002328566
4002328813
4002328931
4002329094
4002329527
4002329677
4002329703
4002329714
4002330760
4002331223
4002331225
4002331245
4002331258
4002331271
4002331682
4002331708
4002332016
4002332089
4002332332
4002332397
4002332398
4002332399
4002332492
4002332496
4002332667
4002332672
4002333260
4002333568
4002334534
4002334541
4002334562
4002334602
4002334603
4002334638
4002334641
4002334926
4002335383
4002335550
4002335572
4002335922
4002335962
4002335963
4002335964
4002335965
4002335966
4002335967
4002335968
4002335969
4002335970
4002335971
4002335972
4002335973
4002335974
4002335975
4002335976
4002335977
4002336387
4002336949
4002336950
4002336987
4002337023
4002337055
4002337062
4002337313
4002337475
4002337520
4002337521
4002337522
4002337523
4002337524
4002337525
4002337526
4002337527
4002337540
4002338148
4002338162
4002338183
4002338189
4002338193
4002338231
4002338734
4002339415
4002339416
4002340032
4002340273
4002340360
4002340361
4002340673
4002340682
4002340688
4002340698
4002340700
4002340736
4002340739
4002340745
4002340846
4002340856
4002341020
4002341040
4002341260
4002341267
4002341268
4002341835
4002341929
4002342061
4002342097
4002342437
4002342686
4002343480
4002343481
4002344016
4002344020
4002344030
4002344053
4002344096
4002344111
4002344112
4002344124
4002344128
4002344129
4002344289
4002344331
4002344448
4002344627
4002344649
4002344695
4002344845
4002345660
4002345688
4002345984
4002346154
4002346379
4002346778
4002347058
4002347065
4002347074
4002347113
4002347136
4002347138
4002347140
4002347142
4002347167
4002347168
4002347176
4002347180
4002347197
4002347208
4002347257
4002347914
4002347989
4002348083
4002348225
4002348246
4002348484
4002348567
4002348568
4002349063
4002349347
4002349466
4002350498
4002350503
4002350535
4002350549
4002350573
4002350598
4002350621
4002350626
4002350706
4002350720
4002351390
4002351463
4002351605
4002352047
4002352050
4002352333
4002352383
4002352392
4002353295
4002353493
4002353626
4002353756
4002353791
4002353794
4002353796
4002353802
4002353820
4002353850
4002353852
4002353862
4002353878
4002353900
4002354372
4002355575
4002355739
4002355982
4002355986
4002356449
4002356450
4002356841
4002356856
4002356874
4002356875
4002356918
4002356923
4002356938
4002356948
4002356952
4002356967
4002356971
4002356973
4002357004
4002357496
4002357497
4002357500
4002357892
4002358037
4002358053
4002358099
4002358101
4002358148
4002358163
4002358267
4002358807
4002358940
4002358945
4002359553
4002360185
4002360247
4002360469
4002360471
4002360743
4002360919
4002360937
4002360948
4002360985
4002361012
4002361016
4002361173
4002361760
4002361845
4002361872
4002363178
4002363343
4002363608
4002363620
4002363934
4002364083
4002364112
4002364244
4002364270
4002364506
4002364533
4002364585
4002364601
4002364609
4002364618
4002364620
4002364631
4002364639
4002364657
4002364668
4002364672
4002364688
4002364802
4002364861
4002364890
4002365368
4002365384
4002365508
4002365598
4002365731
4002365732
4002365737
4002365824
4002366848
4002366934
4002367063
4002367127
4002367439
4002367464
4002367484
4002367490
4002367496
4002367533
4002368171
4002368185
4002368227
4002368231
4002368232
4002368233
4002368244
4002368369
4002368431
4002368629
4002368867
4002368868
4002368870
4002369015
4002369169
4002369501
4002369730
4002369754
4002369803
4002369814
4002369873
4002370088
4002370285
4002370296
4002370848
4002370922
4002370962
4002370986
4002371013
4002371034
4002371096
4002371352
4002371720
4002371733
4002371739
4002371744
4002371753
4002371802
4002371808
4002371821
4002372003
4002372170
4002372559
4002372707
4002372762
4002373151
4002373188
4002373200
4002373201
4002373299
4002373623
4002373632
4002373685
4002374305
4002374510
4002374626
4002374659
4002374885
4002374893
4002374948
4002374959
4002374976
4002375029
4002375031
4002375045
4002375653
4002376562
4002376652
4002376670
4002376671
4002376776
4002376863
4002376876
4002376877
4002377430
4002377483
4002377517
4002377526
4002377537
4002377553
4002377557
4002377571
4002377575
4002377581
4002377965
4002378020
4002378206
4002378632
4002378633
4002378647
4002378649
4002378659
4002378670
4002378683
4002378689
4002378690
4002378700
4002378726
4002378818
4002378850
4002378951
4002378960
4002379126
4002379523
4002379587
4002380268
4002380269
4002380270
4002380383
