3000029481
3000866191
3001680121
3001807199
3002342010
3002894603
4000652620
4000674059
4000935119
4000961433
4001067391
4001319689
4001391505
4001524947
4001533549
4001542193
4001586996
4001590189
4001591558
4001640339
4001641504
4001643339
4001655913
4001658047
4001663505
4001691949
4001701956
4001714681
4001733311
4001741352
4001749201
4001749229
4001763083
4001775457
4001783915
4001785719
4001786487
4001786854
4001789386
4001809228
4001818682
4001821056
4001827859
4001837339
4001838060
4001838136
4001839260
4001878602
4001878606
4001878607
4001883491
4001884566
4001884627
4001890152
4001895269
4001915386
4001917182
4001917183
4001918858
4001919902
4001922279
4001922782
4001930395
4001933475
4001941688
4001941694
4001946641
4001950350
4001954652
4001957543
4001957740
4001957742
4001966486
4001967121
4001970861
4001974662
4001975815
4001976815
4001979785
4001980189
4001981239
4001981784
4001983319
4001986286
4001989816
4001991657
4001991814
4001997027
4001999059
4001999201
4001999254
4001999440
4001999467
4001999726
4002000769
4002007245
4002012021
4002016195
4002020012
4002020586
4002021565
4002023098
4002028689
4002028694
4002030086
4002032160
4002042121
4002047695
4002047848
4002047883
4002051405
4002052490
4002053304
4002056666
4002061373
4002062195
4002062916
4002062919
4002065276
4002065863
4002066025
4002066552
4002066616
4002066689
4002069502
4002071755
4002071872
4002072888
4002077984
4002078919
4002080423
4002085228
4002086675
4002087778
4002087779
4002088582
4002090164
4002091025
4002091555
4002094198
4002095137
4002096273
4002097752
4002098920
4002106675
4002107639
4002111678
4002112340
4002112627
4002116467
4002117223
4002117228
4002117283
4002117900
4002128469
4002128492
4002128790
4002128914
4002128925
4002129179
4002129795
4002130467
4002131186
4002131821
4002131830
4002131841
4002131850
4002131851
4002133636
4002134541
4002135012
4002135518
4002136613
4002136634
4002136660
4002136703
4002136709
4002136745
4002136747
4002136750
4002136751
4002136779
4002136784
4002136830
4002138278
4002138282
4002138440
4002140881
4002146298
4002146431
4002148012
4002148029
4002151428
4002153976
4002155218
4002155447
4002155975
4002156330
4002157158
4002158633
4002158672
4002159293
4002165065
4002165194
4002165807
4002166955
4002167048
4002167804
4002168294
4002168611
4002169264
4002170735
4002171557
4002172660
4002173997
4002175123
4002177098
4002178095
4002179305
4002181381
4002181763
4002181766
4002182083
4002184548
4002185209
4002185656
4002185657
4002186917
4002186961
4002187702
4002188916
4002189175
4002191143
4002191151
4002191156
4002191165
4002191449
4002191517
4002192250
4002193562
4002193565
4002193566
4002193648
4002193671
4002193672
4002193673
4002193676
4002193701
4002193702
4002193837
4002193964
4002193984
4002194410
4002195852
4002196042
4002198380
4002198424
4002198569
4002199208
4002199211
4002200093
4002200137
4002201782
4002202566
4002204283
4002204389
4002204855
4002208507
4002208523
4002208592
4002208609
4002211142
4002211391
4002212484
4002212719
4002213400
4002214175
4002214459
4002214556
4002215461
4002215736
4002215754
4002216257
4002216691
4002217686
4002217734
4002218018
4002219436
4002219782
4002220934
4002221221
4002221833
4002221838
4002221963
4002221981
4002221998
4002222401
4002222878
4002222901
4002224673
4002227299
4002228536
4002228551
4002229538
4002229540
4002230156
4002230413
4002230422
4002230554
4002231475
4002231693
4002232373
4002233002
4002233287
4002233940
4002234249
4002234938
4002235533
4002236405
4002236972
4002237093
4002237287
4002237792
4002238027
4002238548
4002241917
4002242392
4002243665
4002244290
4002245440
4002245921
4002246403
4002247275
4002247283
4002247358
4002247450
4002247452
4002247766
4002248052
4002248324
4002248327
4002248466
4002249753
4002250773
4002250774
4002250910
4002250918
4002251330
4002251331
4002251722
4002251724
4002252131
4002252634
4002252636
4002252984
4002253100
4002253101
4002253221
4002253284
4002253426
4002253427
4002253628
4002254334
4002254404
4002254590
4002255052
4002255210
4002256362
4002256662
4002257009
4002258567
4002258783
4002259809
4002261265
4002261266
4002261284
4002261331
4002261654
4002262434
4002262687
4002266425
4002269097
4002269318
4002269628
4002269687
4002270029
4002270355
4002270359
4002271202
4002271449
4002271531
4002272231
4002272232
4002272242
4002272406
4002272575
4002272578
4002273089
4002273280
4002273747
4002274180
4002274223
4002274891
4002274923
4002274925
4002275561
4002276144
4002276146
4002276147
4002276386
4002277028
4002277142
4002277151
4002277153
4002278171
4002279037
4002279276
4002279279
4002279282
4002279289
4002279292
4002279329
4002279331
4002279374
4002280405
4002281376
4002283040
4002284398
4002284513
4002285005
4002285701
4002285707
4002285710
4002286049
4002286096
4002286483
4002286487
4002286556
4002286566
4002286879
4002287126
4002287167
4002287187
4002287930
4002288620
4002288822
4002289489
4002289567
4002289909
4002290016
4002290606
4002291202
4002291217
4002291324
4002291810
4002292628
4002292712
4002292851
4002292902
4002293031
4002293631
4002293710
4002294669
4002294681
4002294684
4002295191
4002295324
4002295383
4002295489
4002295490
4002295740
4002296083
4002296084
4002296286
4002296460
4002296612
4002296999
4002297213
4002298296
4002298302
4002298726
4002299200
4002299561
4002300288
4002300730
4002301224
4002301309
4002301510
4002301511
4002301924
4002302311
4002302329
4002302388
4002302429
4002302506
4002302566
4002302815
4002303621
4002303693
4002303696
4002304012
4002304065
4002304449
4002304450
4002304451
4002304452
4002304453
4002304568
4002304569
4002304706
4002305763
4002305845
4002306275
4002306299
4002306594
4002306996
4002307047
4002307311
4002307331
4002307669
4002307700
4002307867
4002307989
4002308269
4002308491
4002308550
4002308741
4002309090
4002309143
4002310181
4002310240
4002310241
4002310505
4002310513
4002310618
4002310918
4002311010
4002311490
4002311587
4002311859
4002311883
4002311948
4002311992
4002312041
4002312169
4002312659
4002312819
4002313389
4002313412
4002313418
4002313424
4002313698
4002313812
4002313828
4002314860
4002314862
4002314867
4002314939
4002315098
4002315887
4002315891
4002315893
4002315894
4002315895
4002315929
4002316062
4002316115
4002316662
4002317163
4002317599
4002318315
4002319136
4002319421
4002319437
4002319465
4002319529
4002319567
4002319796
4002319892
4002319935
4002320039
4002320179
4002320349
4002320421
4002320577
4002320814
4002321518
4002321519
4002322201
4002322202
4002322292
4002322640
4002322955
4002323291
4002323569
4002323575
4002323652
4002324299
4002324303
4002324377
4002324640
4002324692
4002324694
4002325169
4002325183
4002325375
4002326266
4002326453
4002326512
4002327008
4002327284
4002327291
4002327831
4002328162
4002328165
4002328166
4002328265
4002328368
4002328382
4002328383
4002328505
4002328583
4002328631
4002328843
4002329374
4002329557
4002330084
4002330111
4002330150
4002330266
4002330531
4002330594
4002330857
4002330916
4002331516
4002331541
4002331622
4002331625
4002331647
4002331650
4002331744
4002331976
4002331977
4002331978
4002332132
4002332133
4002332269
4002332270
4002332280
4002332310
4002332454
4002332663
4002332922
4002333125
4002334028
4002334257
4002335193
4002335204
4002335205
4002335405
4002335574
4002335577
4002335607
4002335609
4002335610
4002336386
4002336660
4002337421
4002338330
4002338647
4002338989
4002339005
4002339071
4002339072
4002339194
4002339884
4002340453
4002340493
4002341108
4002341111
4002341112
4002341130
4002341139
4002341159
4002341212
4002341215
4002341292
4002341293
4002341725
4002341874
4002341903
4002342049
4002342280
4002342478
4002342724
4002343111
4002343364
4002343365
4002343482
4002343483
4002343484
4002343490
4002343494
4002343498
4002343499
4002343534
4002343566
4002343693
4002343698
4002343761
4002343835
4002343836
4002344387
4002344494
4002344527
4002344534
4002344544
4002344552
4002344587
4002344659
4002344664
4002344670
4002344903
4002344913
4002344916
4002344917
4002345097
4002345104
4002345105
4002345277
4002345407
4002345431
4002345488
4002345589
4002345590
4002345915
4002346241
4002346243
4002346574
4002346728
4002346756
4002346822
4002347291
4002347406
4002347570
4002347797
4002347802
4002347918
4002347920
4002347963
4002347965
4002347967
4002348147
4002348445
4002348512
4002348521
4002348916
4002348978
4002349472
4002349588
4002349720
4002349721
4002349787
4002349788
4002349793
4002349817
4002349818
4002349933
4002351051
4002351058
4002351074
4002351095
4002351263
4002351470
4002351606
4002351647
4002351650
4002351672
4002351683
4002351692
4002351724
4002351778
4002351779
4002351979
4002352002
4002352291
4002352292
4002352293
4002352360
4002352791
4002352857
4002353451
4002353480
4002353596
4002353600
4002353603
4002353604
4002354115
4002354375
4002354391
4002354395
4002355508
4002356009
4002356026
4002356124
4002356264
4002356265
4002356267
4002356281
4002356503
4002357392
4002357965
4002358217
4002358691
4002358754
4002358904
4002359051
4002359186
4002359194
4002359572
4002359889
4002360084
4002360259
4002360298
4002360315
4002360443
4002360496
4002360513
4002360527
4002360537
4002360577
4002360598
4002360602
4002360621
4002360626
4002360634
4002360648
4002360683
4002361125
4002361164
4002361444
4002361446
4002361459
4002361733
4002361858
4002361874
4002362041
4002362045
4002362056
4002362087
4002362236
4002362301
4002362546
4002363247
4002363492
4002363942
4002363943
4002363974
4002364101
4002364208
4002364257
4002364315
4002364321
4002364324
4002364328
4002364798
4002364984
4002365061
4002365062
4002365369
4002365370
4002365371
4002365686
4002365785
4002366066
4002366575
4002366576
4002366701
4002366710
4002366713
4002366790
4002366921
4002367135
4002367140
4002367141
4002367345
4002367396
4002367513
4002367769
4002367958
4002367961
4002368003
4002368477
4002368598
4002368600
4002368634
4002368676
4002368681
4002368686
4002368687
4002368688
4002368689
4002368852
4002368871
4002368872
4002368873
4002368963
4002368965
4002368966
4002369042
4002369043
4002369058
4002369105
4002369123
4002369298
4002369326
4002369382
4002369744
4002369745
4002370239
4002370241
4002370426
4002370441
4002370505
4002370778
4002370924
4002370959
4002370960
4002371051
4002371166
4002371473
4002371493
4002371545
4002371549
4002371593
4002371594
4002371629
4002371839
4002371843
4002371844
4002371846
4002371847
4002372029
4002372034
4002372168
4002372668
4002372957
4002373105
4002373106
4002373126
4002373186
4002373213
4002373450
4002373517
4002373553
4002373563
4002373624
4002373708
4002373764
4002374211
4002374349
4002374357
4002374625
4002375188
4002375631
4002375669
4002375770
4002375774
4002375776
4002376119
4002376122
4002376123
4002376135
4002376353
4002376369
4002376802
4002376889
4002376929
4002376994
4002376995
4002377929
4002377940
4002377946
4002377980
4002377992
4002378227
4002378228
4002378230
4002379260
4002379644
4002379650
4002379673
4002379743
4002379798
4002379816
4002379817
4002379854
4002380134
4002380169
4002380412
