4001672375
4001711768
4001801648
4001851907
4001861556
4001861565
4001861573
4001888874
4002020577
4002070901
4002072609
4002108096
4002130218
4002153225
4002195589
4002204636
4002204675
4002216521
4002220333
4002220502
4002220879
4002223776
4002228800
4002239162
4002243103
4002244614
4002246968
4002249789
4002270982
4002278427
4002278896
4002279330
4002291701
4002294825
4002296601
4002297985
4002302112
4002305902
4002306329
4002306946
4002308582
4002311885
4002312330
4002314146
4002314532
4002315742
4002317678
4002317717
4002318220
4002319849
4002319852
4002320092
4002326230
4002326644
4002328652
4002329019
4002331461
4002332553
4002333963
4002334323
4002334428
4002334439
4002335075
4002341674
4002341872
4002343322
4002346523
4002346524
4002346531
4002346641
4002346978
4002347573
4002348051
4002348158
4002352289
4002352417
4002353662
4002353719
4002358063
4002360625
4002360938
4002363208
4002364114
4002367233
4002367814
4002367815
4002368030
4002368908
4002370515
4002370541
4002371651
4002373426
4002373612
4002375081
4002376229
4002376246
4002377075
4002379836
4002380028
4002380045
