3002648036
4000495519
4000706591
4001053710
4001454300
4001626953
4001668648
4001694283
4001694286
4001749947
4001782931
4001783149
4001783150
4001790468
4001800254
4001800256
4001825603
4001869085
4001869086
4001869087
4001869088
4001879895
4001880640
4001885004
4001897256
4001926348
4001927974
4001964303
4001966608
4001966783
4001976122
4001977900
4001979914
4001983884
4001986505
4001986526
4001990159
4001995103
4001996859
4001999959
4002000511
4002002092
4002002444
4002003120
4002003145
4002004600
4002006204
4002017368
4002017696
4002021591
4002021605
4002023792
4002023847
4002032198
4002039927
4002045085
4002045115
4002046841
4002047788
4002048339
4002048658
4002049679
4002050155
4002050973
4002050974
4002051424
4002064564
4002064661
4002066467
4002071562
4002073537
4002073542
4002074588
4002074903
4002075292
4002078610
4002085007
4002085432
4002086032
4002086101
4002086114
4002086117
4002086141
4002086198
4002086457
4002090813
4002093237
4002095771
4002096040
4002107534
4002107546
4002108408
4002110838
4002111117
4002111619
4002113547
4002114080
4002128853
4002128857
4002132732
4002133932
4002136153
4002137002
4002137065
4002138666
4002140756
4002151638
4002152508
4002153184
4002154320
4002155117
4002157267
4002157761
4002166320
4002166870
4002166884
4002166900
4002166920
4002166922
4002167687
4002168433
4002168436
4002168438
4002168513
4002169231
4002170225
4002170259
4002171795
4002179282
4002179697
4002179706
4002181640
4002182123
4002185409
4002186983
4002186986
4002189309
4002189928
4002194321
4002194669
4002196511
4002196558
4002196978
4002198515
4002199073
4002199237
4002202810
4002202982
4002208867
4002208918
4002208931
4002208952
4002209010
4002209020
4002209192
4002209530
4002210620
4002210747
4002211949
4002211950
4002212231
4002212232
4002212501
4002212975
4002213119
4002214249
4002215410
4002216397
4002217608
4002217611
4002217612
4002219026
4002219653
4002219733
4002220590
4002220599
4002220901
4002221132
4002221144
4002221145
4002221151
4002222250
4002222276
4002223381
4002223471
4002223891
4002224603
4002224605
4002229524
4002229651
4002231971
4002232553
4002232880
4002233117
4002233263
4002233474
4002235555
4002235621
4002235875
4002236027
4002236165
4002237187
4002237206
4002238057
4002243057
4002244228
4002245055
4002246866
4002248380
4002249843
4002250209
4002250590
4002250596
4002251759
4002252700
4002253385
4002254198
4002254892
4002254897
4002255491
4002255493
4002255929
4002257893
4002257894
4002259319
4002259320
4002259975
4002260059
4002260336
4002261098
4002261746
4002262618
4002262624
4002262625
4002262788
4002265556
4002266723
4002266726
4002266727
4002266998
4002267308
4002269227
4002271476
4002271523
4002272089
4002273281
4002273284
4002274380
4002275547
4002276018
4002276181
4002276704
4002276939
4002277505
4002278390
4002279232
4002279334
4002279666
4002280249
4002284090
4002286057
4002286093
4002286174
4002286489
4002287131
4002288006
4002288020
4002288077
4002288211
4002288453
4002288628
4002289158
4002289408
4002289409
4002289410
4002289411
4002289994
4002290391
4002290837
4002290985
4002291339
4002292649
4002292943
4002293658
4002293977
4002294309
4002294461
4002294469
4002294589
4002295117
4002295247
4002295432
4002295436
4002295553
4002295638
4002296259
4002296296
4002296316
4002296564
4002296746
4002296810
4002297154
4002297513
4002297557
4002297940
4002298006
4002298007
4002298008
4002298270
4002298347
4002299026
4002299087
4002299366
4002300127
4002301837
4002301860
4002302218
4002302238
4002302239
4002302417
4002302796
4002302799
4002302811
4002302953
4002303086
4002303389
4002303694
4002304189
4002304252
4002304574
4002304833
4002304971
4002305086
4002305610
4002305849
4002306587
4002306641
4002306757
4002306880
4002307240
4002307869
4002307887
4002308100
4002308152
4002308332
4002308488
4002309874
4002309956
4002309958
4002311337
4002311773
4002311830
4002312039
4002312188
4002312189
4002312276
4002312283
4002312388
4002312586
4002312805
4002312865
4002312922
4002313101
4002313625
4002313705
4002313971
4002314339
4002314540
4002314743
4002314899
4002315727
4002315990
4002316116
4002317088
4002317249
4002317271
4002317274
4002318155
4002318755
4002318780
4002319856
4002319868
4002319871
4002320005
4002320052
4002320183
4002320585
4002320586
4002320589
4002320597
4002320599
4002320618
4002320709
4002320788
4002320961
4002321333
4002321557
4002321559
4002322627
4002322818
4002322849
4002323270
4002323999
4002324032
4002324042
4002324046
4002324052
4002324053
4002324073
4002324360
4002324374
4002324475
4002324577
4002324597
4002325074
4002325075
4002325076
4002325444
4002325669
4002325675
4002325737
4002325751
4002326008
4002326020
4002326031
4002326093
4002326095
4002326255
4002326613
4002327117
4002327171
4002327347
4002327349
4002327374
4002327532
4002327817
4002328198
4002328242
4002328244
4002328248
4002328252
4002328274
4002328280
4002328301
4002328310
4002328315
4002328316
4002328596
4002328604
4002328619
4002328620
4002328625
4002328626
4002328822
4002328918
4002329312
4002329341
4002329380
4002329383
4002329756
4002329940
4002330526
4002330527
4002330552
4002330619
4002330659
4002330689
4002330698
4002330929
4002331314
4002331576
4002331580
4002331613
4002331659
4002331703
4002331716
4002331717
4002331877
4002332004
4002333018
4002333115
4002333467
4002333515
4002333757
4002333810
4002333817
4002333824
4002333829
4002333834
4002334010
4002334107
4002334196
4002334232
4002334680
4002335007
4002335084
4002335236
4002335237
4002335404
4002335428
4002335775
4002336263
4002336314
4002336531
4002338331
4002338369
4002338668
4002338986
4002339213
4002339309
4002339394
4002340029
4002340092
4002340097
4002340105
4002340107
4002340367
4002340421
4002340423
4002340975
4002341043
4002341103
4002341136
4002341186
4002341283
4002341294
4002341301
4002341559
4002341568
4002342367
4002342446
4002342447
4002342460
4002342462
4002342545
4002342832
4002342882
4002342917
4002343093
4002343150
4002343173
4002343245
4002343270
4002343407
4002343427
4002343434
4002343441
4002343844
4002344389
4002344438
4002344590
4002344591
4002344593
4002344671
4002344675
4002344724
4002344762
4002344999
4002345005
4002345419
4002345426
4002345455
4002345741
4002345748
4002345751
4002345752
4002345771
4002345800
4002346067
4002346164
4002346237
4002346242
4002346255
4002346300
4002346302
4002346365
4002346446
4002346520
4002346616
4002346635
4002346642
4002346684
4002346707
4002346813
4002346867
4002347019
4002347300
4002347318
4002347339
4002347410
4002347460
4002347680
4002347686
4002347709
4002347730
4002347747
4002347767
4002347834
4002347835
4002347988
4002347999
4002348502
4002348773
4002348792
4002348801
4002348970
4002348971
4002349534
4002349678
4002349734
4002349782
4002349848
4002349852
4002349893
4002349896
4002349900
4002349902
4002349904
4002349911
4002349939
4002350078
4002350133
4002350141
4002350145
4002350147
4002350150
4002350163
4002350166
4002350228
4002350738
4002350770
4002350795
4002350855
4002350869
4002351044
4002351047
4002351159
4002351243
4002351355
4002351501
4002351614
4002351935
4002351964
4002352244
4002352311
4002352340
4002352376
4002352382
4002352490
4002352527
4002352789
4002352819
4002352821
4002352994
4002353209
4002353228
4002353351
4002353389
4002353400
4002353409
4002353667
4002353689
4002353912
4002354102
4002354125
4002354404
4002354410
4002354415
4002354418
4002354462
4002355328
4002355358
4002355418
4002355809
4002355811
4002356172
4002356187
4002356198
4002356439
4002356440
4002356441
4002356477
4002356686
4002356782
4002357033
4002357283
4002357968
4002358619
4002359475
4002359488
4002359534
4002359595
4002359615
4002359625
4002359670
4002360099
4002360132
4002360133
4002360246
4002360248
4002360249
4002360250
4002360258
4002360296
4002360300
4002360498
4002360523
4002360552
4002360556
4002360574
4002360604
4002360607
4002360615
4002360628
4002360640
4002360654
4002360676
4002360685
4002360789
4002361094
4002361220
4002361221
4002361222
4002361223
4002361249
4002361277
4002361298
4002361472
4002361500
4002361520
4002361541
4002361543
4002361546
4002361549
4002361551
4002361552
4002361553
4002361746
4002362488
4002362525
4002363195
4002363240
4002363326
4002363349
4002363421
4002363590
4002363616
4002363668
4002363671
4002363691
4002363798
4002363809
4002363999
4002364043
4002364051
4002364054
4002364115
4002364121
4002364184
4002364201
4002364280
4002364373
4002364375
4002364383
4002364387
4002364393
4002364394
4002364395
4002364398
4002364403
4002364406
4002364410
4002364416
4002364419
4002364423
4002364424
4002364715
4002364738
4002364778
4002364797
4002364881
4002364999
4002365060
4002365068
4002365261
4002365271
4002365272
4002365365
4002365432
4002365462
4002365507
4002366108
4002366730
4002366757
4002366764
4002366769
4002366772
4002366780
4002366785
4002366991
4002367046
4002367095
4002367227
4002367269
4002367432
4002367459
4002367510
4002367584
4002367591
4002367603
4002367617
4002367627
4002367629
4002367634
4002367642
4002367662
4002367668
4002367693
4002367726
4002367764
4002367774
4002367775
4002367807
4002367810
4002367811
4002367848
4002367862
4002367994
4002368125
4002368296
4002368329
4002368343
4002368482
4002368537
4002368573
4002368577
4002368590
4002368623
4002368677
4002368685
4002368704
4002368802
4002369092
4002369136
4002369406
4002369534
4002369618
4002369748
4002369749
4002370247
4002370260
4002370268
4002370269
4002370288
4002370440
4002370517
4002370567
4002370590
4002370599
4002370611
4002370656
4002370804
4002370915
4002371069
4002371076
4002371089
4002371090
4002371091
4002371097
4002371469
4002371525
4002371543
4002371718
4002371834
4002371836
4002371841
4002371863
4002371895
4002371897
4002371898
4002371899
4002371919
4002372044
4002372045
4002372047
4002372065
4002372066
4002372171
4002372176
4002372185
4002372198
4002372353
4002372711
4002372753
4002373037
4002373049
4002373079
4002373095
4002373233
4002373234
4002373278
4002373398
4002373402
4002373403
4002373406
4002373442
4002373511
4002373519
4002373566
4002373661
4002373688
4002373787
4002373905
4002374077
4002374080
4002374113
4002374182
4002374199
4002374280
4002374281
4002374283
4002374352
4002374358
4002374388
4002374390
4002374474
4002374476
4002374508
4002374512
4002374518
4002374549
4002375159
4002375203
4002375328
4002375341
4002375486
4002375549
4002375629
4002375630
4002375664
4002375678
4002376025
4002376185
4002376230
4002376357
4002376375
4002376401
4002376425
4002376758
4002376761
4002376778
4002376788
4002376789
4002377056
4002377601
4002377861
4002377947
4002378329
4002378332
4002378333
4002378336
4002378338
4002378339
4002378340
4002378341
4002378344
4002378357
4002378363
4002378368
4002378798
4002378804
4002379128
4002379207
4002379497
4002379559
4002379560
4002379579
4002379613
4002379635
4002379674
4002379837
4002380029
4002380112
4002380254
4002380444
4002380445
4002380474
4002380475
4002380482
4002380483
4002380484
4002380487
4002380489
4002380490
4002380491
4002380492
4002380493
4002380495
4002380496
